wavelength reflectivity
320.0 0.2845
320.1 0.2842
320.2 0.2840
320.3 0.2838
320.4 0.2836
320.5 0.2835
320.6 0.2833
320.7 0.2832
320.8 0.2831
320.9 0.2830
321.0 0.2829
321.1 0.2828
321.2 0.2828
321.3 0.2827
321.4 0.2827
321.5 0.2827
321.6 0.2828
321.7 0.2828
321.8 0.2828
321.9 0.2829
322.0 0.2830
322.1 0.2831
322.2 0.2832
322.3 0.2834
322.4 0.2835
322.5 0.2837
322.6 0.2838
322.7 0.2840
322.8 0.2843
322.9 0.2846
323.0 0.2849
323.1 0.2852
323.2 0.2856
323.3 0.2859
323.4 0.2863
323.5 0.2867
323.6 0.2870
323.7 0.2874
323.8 0.2877
323.9 0.2880
324.0 0.2883
324.1 0.2885
324.2 0.2887
324.3 0.2889
324.4 0.2891
324.5 0.2892
324.6 0.2892
324.7 0.2893
324.8 0.2893
324.9 0.2893
325.0 0.2893
325.1 0.2894
325.2 0.2894
325.3 0.2894
325.4 0.2895
325.5 0.2896
325.6 0.2897
325.7 0.2898
325.8 0.2899
325.9 0.2900
326.0 0.2901
326.1 0.2902
326.2 0.2903
326.3 0.2904
326.4 0.2906
326.5 0.2907
326.6 0.2908
326.7 0.2909
326.8 0.2910
326.9 0.2912
327.0 0.2914
327.1 0.2916
327.2 0.2918
327.3 0.2920
327.4 0.2923
327.5 0.2926
327.6 0.2929
327.7 0.2933
327.8 0.2937
327.9 0.2940
328.0 0.2944
328.1 0.2948
328.2 0.2951
328.3 0.2955
328.4 0.2958
328.5 0.2962
328.6 0.2965
328.7 0.2968
328.8 0.2971
328.9 0.2974
329.0 0.2977
329.1 0.2979
329.2 0.2982
329.3 0.2985
329.4 0.2989
329.5 0.2992
329.6 0.2996
329.7 0.3000
329.8 0.3004
329.9 0.3008
330.0 0.3013
330.1 0.3017
330.2 0.3022
330.3 0.3026
330.4 0.3031
330.5 0.3035
330.6 0.3040
330.7 0.3044
330.8 0.3048
330.9 0.3051
331.0 0.3055
331.1 0.3058
331.2 0.3061
331.3 0.3064
331.4 0.3067
331.5 0.3070
331.6 0.3072
331.7 0.3075
331.8 0.3077
331.9 0.3079
332.0 0.3081
332.1 0.3083
332.2 0.3085
332.3 0.3087
332.4 0.3088
332.5 0.3090
332.6 0.3091
332.7 0.3093
332.8 0.3094
332.9 0.3096
333.0 0.3097
333.1 0.3098
333.2 0.3100
333.3 0.3102
333.4 0.3104
333.5 0.3107
333.6 0.3110
333.7 0.3113
333.8 0.3116
333.9 0.3120
334.0 0.3124
334.1 0.3129
334.2 0.3134
334.3 0.3138
334.4 0.3143
334.5 0.3148
334.6 0.3153
334.7 0.3158
334.8 0.3163
334.9 0.3168
335.0 0.3172
335.1 0.3177
335.2 0.3182
335.3 0.3186
335.4 0.3191
335.5 0.3195
335.6 0.3199
335.7 0.3203
335.8 0.3206
335.9 0.3210
336.0 0.3213
336.1 0.3215
336.2 0.3218
336.3 0.3220
336.4 0.3222
336.5 0.3223
336.6 0.3224
336.7 0.3225
336.8 0.3226
336.9 0.3227
337.0 0.3228
337.1 0.3228
337.2 0.3229
337.3 0.3230
337.4 0.3231
337.5 0.3231
337.6 0.3232
337.7 0.3233
337.8 0.3234
337.9 0.3235
338.0 0.3236
338.1 0.3237
338.2 0.3239
338.3 0.3241
338.4 0.3243
338.5 0.3246
338.6 0.3248
338.7 0.3251
338.8 0.3253
338.9 0.3256
339.0 0.3259
339.1 0.3262
339.2 0.3264
339.3 0.3267
339.4 0.3269
339.5 0.3272
339.6 0.3274
339.7 0.3276
339.8 0.3279
339.9 0.3282
340.0 0.3284
340.1 0.3287
340.2 0.3289
340.3 0.3292
340.4 0.3294
340.5 0.3297
340.6 0.3299
340.7 0.3300
340.8 0.3302
340.9 0.3303
341.0 0.3304
341.1 0.3305
341.2 0.3306
341.3 0.3307
341.4 0.3308
341.5 0.3309
341.6 0.3310
341.7 0.3311
341.8 0.3312
341.9 0.3314
342.0 0.3316
342.1 0.3318
342.2 0.3319
342.3 0.3321
342.4 0.3323
342.5 0.3325
342.6 0.3326
342.7 0.3328
342.8 0.3329
342.9 0.3331
343.0 0.3333
343.1 0.3334
343.2 0.3336
343.3 0.3338
343.4 0.3340
343.5 0.3342
343.6 0.3344
343.7 0.3347
343.8 0.3349
343.9 0.3352
344.0 0.3355
344.1 0.3358
344.2 0.3361
344.3 0.3364
344.4 0.3368
344.5 0.3372
344.6 0.3376
344.7 0.3380
344.8 0.3384
344.9 0.3388
345.0 0.3393
345.1 0.3397
345.2 0.3402
345.3 0.3406
345.4 0.3411
345.5 0.3415
345.6 0.3419
345.7 0.3424
345.8 0.3428
345.9 0.3432
346.0 0.3436
346.1 0.3440
346.2 0.3445
346.3 0.3449
346.4 0.3454
346.5 0.3458
346.6 0.3463
346.7 0.3467
346.8 0.3471
346.9 0.3475
347.0 0.3479
347.1 0.3483
347.2 0.3487
347.3 0.3490
347.4 0.3493
347.5 0.3495
347.6 0.3498
347.7 0.3500
347.8 0.3502
347.9 0.3504
348.0 0.3505
348.1 0.3507
348.2 0.3508
348.3 0.3508
348.4 0.3509
348.5 0.3509
348.6 0.3509
348.7 0.3509
348.8 0.3509
348.9 0.3509
349.0 0.3509
349.1 0.3510
349.2 0.3510
349.3 0.3511
349.4 0.3512
349.5 0.3514
349.6 0.3516
349.7 0.3518
349.8 0.3521
349.9 0.3524
350.0 0.3528
350.1 0.3532
350.2 0.3537
350.3 0.3542
350.4 0.3547
350.5 0.3552
350.6 0.3557
350.7 0.3563
350.8 0.3568
350.9 0.3574
351.0 0.3579
351.1 0.3585
351.2 0.3590
351.3 0.3596
351.4 0.3601
351.5 0.3606
351.6 0.3610
351.7 0.3615
351.8 0.3619
351.9 0.3622
352.0 0.3625
352.1 0.3628
352.2 0.3630
352.3 0.3631
352.4 0.3632
352.5 0.3633
352.6 0.3633
352.7 0.3632
352.8 0.3631
352.9 0.3630
353.0 0.3628
353.1 0.3626
353.2 0.3624
353.3 0.3622
353.4 0.3619
353.5 0.3617
353.6 0.3614
353.7 0.3612
353.8 0.3610
353.9 0.3608
354.0 0.3607
354.1 0.3606
354.2 0.3606
354.3 0.3606
354.4 0.3607
354.5 0.3608
354.6 0.3610
354.7 0.3612
354.8 0.3616
354.9 0.3619
355.0 0.3624
355.1 0.3628
355.2 0.3633
355.3 0.3639
355.4 0.3644
355.5 0.3650
355.6 0.3656
355.7 0.3662
355.8 0.3668
355.9 0.3674
356.0 0.3681
356.1 0.3687
356.2 0.3693
356.3 0.3700
356.4 0.3706
356.5 0.3711
356.6 0.3717
356.7 0.3722
356.8 0.3726
356.9 0.3730
357.0 0.3734
357.1 0.3737
357.2 0.3740
357.3 0.3742
357.4 0.3744
357.5 0.3746
357.6 0.3748
357.7 0.3749
357.8 0.3751
357.9 0.3752
358.0 0.3754
358.1 0.3756
358.2 0.3757
358.3 0.3759
358.4 0.3760
358.5 0.3762
358.6 0.3763
358.7 0.3764
358.8 0.3766
358.9 0.3767
359.0 0.3769
359.1 0.3771
359.2 0.3773
359.3 0.3775
359.4 0.3777
359.5 0.3780
359.6 0.3783
359.7 0.3786
359.8 0.3789
359.9 0.3792
360.0 0.3795
360.1 0.3797
360.2 0.3800
360.3 0.3802
360.4 0.3805
360.5 0.3806
360.6 0.3808
360.7 0.3809
360.8 0.3810
360.9 0.3810
361.0 0.3810
361.1 0.3810
361.2 0.3809
361.3 0.3808
361.4 0.3807
361.5 0.3806
361.6 0.3804
361.7 0.3803
361.8 0.3801
361.9 0.3800
362.0 0.3799
362.1 0.3798
362.2 0.3797
362.3 0.3797
362.4 0.3797
362.5 0.3798
362.6 0.3799
362.7 0.3800
362.8 0.3801
362.9 0.3803
363.0 0.3804
363.1 0.3805
363.2 0.3807
363.3 0.3808
363.4 0.3809
363.5 0.3810
363.6 0.3812
363.7 0.3813
363.8 0.3814
363.9 0.3816
364.0 0.3817
364.1 0.3819
364.2 0.3821
364.3 0.3823
364.4 0.3825
364.5 0.3826
364.6 0.3828
364.7 0.3830
364.8 0.3831
364.9 0.3833
365.0 0.3835
365.1 0.3836
365.2 0.3838
365.3 0.3839
365.4 0.3841
365.5 0.3842
365.6 0.3844
365.7 0.3845
365.8 0.3848
365.9 0.3850
366.0 0.3853
366.1 0.3855
366.2 0.3859
366.3 0.3862
366.4 0.3865
366.5 0.3868
366.6 0.3872
366.7 0.3876
366.8 0.3880
366.9 0.3884
367.0 0.3888
367.1 0.3892
367.2 0.3896
367.3 0.3900
367.4 0.3905
367.5 0.3909
367.6 0.3914
367.7 0.3918
367.8 0.3922
367.9 0.3927
368.0 0.3931
368.1 0.3935
368.2 0.3939
368.3 0.3943
368.4 0.3947
368.5 0.3951
368.6 0.3955
368.7 0.3958
368.8 0.3962
368.9 0.3965
369.0 0.3968
369.1 0.3971
369.2 0.3974
369.3 0.3976
369.4 0.3979
369.5 0.3982
369.6 0.3985
369.7 0.3989
369.8 0.3992
369.9 0.3995
370.0 0.3999
370.1 0.4002
370.2 0.4006
370.3 0.4009
370.4 0.4013
370.5 0.4016
370.6 0.4020
370.7 0.4023
370.8 0.4026
370.9 0.4029
371.0 0.4032
371.1 0.4034
371.2 0.4037
371.3 0.4039
371.4 0.4042
371.5 0.4045
371.6 0.4048
371.7 0.4051
371.8 0.4055
371.9 0.4058
372.0 0.4062
372.1 0.4066
372.2 0.4070
372.3 0.4074
372.4 0.4079
372.5 0.4083
372.6 0.4088
372.7 0.4092
372.8 0.4097
372.9 0.4101
373.0 0.4105
373.1 0.4109
373.2 0.4113
373.3 0.4116
373.4 0.4119
373.5 0.4122
373.6 0.4125
373.7 0.4127
373.8 0.4130
373.9 0.4132
374.0 0.4134
374.1 0.4136
374.2 0.4137
374.3 0.4139
374.4 0.4140
374.5 0.4141
374.6 0.4142
374.7 0.4143
374.8 0.4144
374.9 0.4144
375.0 0.4144
375.1 0.4144
375.2 0.4143
375.3 0.4142
375.4 0.4141
375.5 0.4140
375.6 0.4139
375.7 0.4138
375.8 0.4136
375.9 0.4135
376.0 0.4134
376.1 0.4133
376.2 0.4133
376.3 0.4133
376.4 0.4133
376.5 0.4133
376.6 0.4133
376.7 0.4134
376.8 0.4135
376.9 0.4136
377.0 0.4137
377.1 0.4139
377.2 0.4140
377.3 0.4142
377.4 0.4144
377.5 0.4146
377.6 0.4148
377.7 0.4150
377.8 0.4152
377.9 0.4154
378.0 0.4156
378.1 0.4158
378.2 0.4160
378.3 0.4162
378.4 0.4164
378.5 0.4165
378.6 0.4166
378.7 0.4168
378.8 0.4169
378.9 0.4171
379.0 0.4172
379.1 0.4173
379.2 0.4175
379.3 0.4177
379.4 0.4180
379.5 0.4183
379.6 0.4186
379.7 0.4190
379.8 0.4193
379.9 0.4198
380.0 0.4202
380.1 0.4207
380.2 0.4213
380.3 0.4218
380.4 0.4224
380.5 0.4230
380.6 0.4236
380.7 0.4242
380.8 0.4249
380.9 0.4255
381.0 0.4262
381.1 0.4268
381.2 0.4275
381.3 0.4282
381.4 0.4288
381.5 0.4294
381.6 0.4301
381.7 0.4307
381.8 0.4313
381.9 0.4318
382.0 0.4324
382.1 0.4329
382.2 0.4334
382.3 0.4338
382.4 0.4342
382.5 0.4345
382.6 0.4348
382.7 0.4350
382.8 0.4352
382.9 0.4353
383.0 0.4354
383.1 0.4355
383.2 0.4355
383.3 0.4354
383.4 0.4354
383.5 0.4354
383.6 0.4353
383.7 0.4353
383.8 0.4352
383.9 0.4352
384.0 0.4351
384.1 0.4351
384.2 0.4351
384.3 0.4352
384.4 0.4352
384.5 0.4353
384.6 0.4353
384.7 0.4354
384.8 0.4356
384.9 0.4357
385.0 0.4359
385.1 0.4361
385.2 0.4363
385.3 0.4365
385.4 0.4367
385.5 0.4370
385.6 0.4372
385.7 0.4374
385.8 0.4376
385.9 0.4379
386.0 0.4381
386.1 0.4383
386.2 0.4386
386.3 0.4388
386.4 0.4390
386.5 0.4393
386.6 0.4395
386.7 0.4397
386.8 0.4400
386.9 0.4402
387.0 0.4404
387.1 0.4406
387.2 0.4409
387.3 0.4411
387.4 0.4413
387.5 0.4415
387.6 0.4417
387.7 0.4419
387.8 0.4421
387.9 0.4423
388.0 0.4424
388.1 0.4426
388.2 0.4427
388.3 0.4428
388.4 0.4429
388.5 0.4429
388.6 0.4429
388.7 0.4429
388.8 0.4429
388.9 0.4428
389.0 0.4428
389.1 0.4427
389.2 0.4426
389.3 0.4426
389.4 0.4425
389.5 0.4425
389.6 0.4425
389.7 0.4425
389.8 0.4425
389.9 0.4425
390.0 0.4425
390.1 0.4426
390.2 0.4426
390.3 0.4427
390.4 0.4429
390.5 0.4431
390.6 0.4433
390.7 0.4437
390.8 0.4442
390.9 0.4447
391.0 0.4454
391.1 0.4462
391.2 0.4470
391.3 0.4479
391.4 0.4489
391.5 0.4499
391.6 0.4509
391.7 0.4520
391.8 0.4530
391.9 0.4541
392.0 0.4551
392.1 0.4561
392.2 0.4570
392.3 0.4579
392.4 0.4588
392.5 0.4596
392.6 0.4603
392.7 0.4609
392.8 0.4614
392.9 0.4619
393.0 0.4622
393.1 0.4625
393.2 0.4627
393.3 0.4628
393.4 0.4629
393.5 0.4629
393.6 0.4628
393.7 0.4627
393.8 0.4626
393.9 0.4625
394.0 0.4623
394.1 0.4622
394.2 0.4621
394.3 0.4620
394.4 0.4619
394.5 0.4618
394.6 0.4617
394.7 0.4617
394.8 0.4618
394.9 0.4619
395.0 0.4621
395.1 0.4623
395.2 0.4626
395.3 0.4629
395.4 0.4633
395.5 0.4638
395.6 0.4643
395.7 0.4649
395.8 0.4655
395.9 0.4660
396.0 0.4666
396.1 0.4670
396.2 0.4675
396.3 0.4679
396.4 0.4683
396.5 0.4686
396.6 0.4688
396.7 0.4690
396.8 0.4691
396.9 0.4692
397.0 0.4692
397.1 0.4692
397.2 0.4691
397.3 0.4690
397.4 0.4689
397.5 0.4686
397.6 0.4683
397.7 0.4680
397.8 0.4676
397.9 0.4672
398.0 0.4667
398.1 0.4663
398.2 0.4659
398.3 0.4655
398.4 0.4651
398.5 0.4647
398.6 0.4644
398.7 0.4642
398.8 0.4640
398.9 0.4639
399.0 0.4639
399.1 0.4639
399.2 0.4639
399.3 0.4640
399.4 0.4642
399.5 0.4643
399.6 0.4646
399.7 0.4648
399.8 0.4650
399.9 0.4652
400.0 0.4654
400.1 0.4655
400.2 0.4657
400.3 0.4658
400.4 0.4660
400.5 0.4661
400.6 0.4661
400.7 0.4662
400.8 0.4663
400.9 0.4664
401.0 0.4665
401.1 0.4666
401.2 0.4667
401.3 0.4668
401.4 0.4670
401.5 0.4671
401.6 0.4673
401.7 0.4675
401.8 0.4677
401.9 0.4679
402.0 0.4681
402.1 0.4684
402.2 0.4686
402.3 0.4688
402.4 0.4691
402.5 0.4694
402.6 0.4696
402.7 0.4699
402.8 0.4703
402.9 0.4706
403.0 0.4709
403.1 0.4713
403.2 0.4717
403.3 0.4722
403.4 0.4726
403.5 0.4731
403.6 0.4735
403.7 0.4740
403.8 0.4744
403.9 0.4748
404.0 0.4752
404.1 0.4756
404.2 0.4759
404.3 0.4762
404.4 0.4764
404.5 0.4767
404.6 0.4769
404.7 0.4771
404.8 0.4773
404.9 0.4775
405.0 0.4777
405.1 0.4779
405.2 0.4781
405.3 0.4783
405.4 0.4786
405.5 0.4789
405.6 0.4791
405.7 0.4794
405.8 0.4798
405.9 0.4801
406.0 0.4804
406.1 0.4808
406.2 0.4811
406.3 0.4814
406.4 0.4817
406.5 0.4820
406.6 0.4824
406.7 0.4827
406.8 0.4830
406.9 0.4833
407.0 0.4837
407.1 0.4841
407.2 0.4845
407.3 0.4849
407.4 0.4853
407.5 0.4858
407.6 0.4862
407.7 0.4867
407.8 0.4872
407.9 0.4876
408.0 0.4881
408.1 0.4886
408.2 0.4890
408.3 0.4894
408.4 0.4898
408.5 0.4902
408.6 0.4906
408.7 0.4909
408.8 0.4912
408.9 0.4915
409.0 0.4917
409.1 0.4919
409.2 0.4921
409.3 0.4923
409.4 0.4925
409.5 0.4926
409.6 0.4928
409.7 0.4929
409.8 0.4931
409.9 0.4933
410.0 0.4935
410.1 0.4937
410.2 0.4939
410.3 0.4941
410.4 0.4942
410.5 0.4944
410.6 0.4946
410.7 0.4947
410.8 0.4949
410.9 0.4950
411.0 0.4952
411.1 0.4953
411.2 0.4955
411.3 0.4956
411.4 0.4957
411.5 0.4959
411.6 0.4960
411.7 0.4962
411.8 0.4964
411.9 0.4965
412.0 0.4967
412.1 0.4969
412.2 0.4971
412.3 0.4974
412.4 0.4976
412.5 0.4979
412.6 0.4981
412.7 0.4984
412.8 0.4987
412.9 0.4990
413.0 0.4994
413.1 0.4997
413.2 0.5001
413.3 0.5004
413.4 0.5008
413.5 0.5012
413.6 0.5015
413.7 0.5019
413.8 0.5022
413.9 0.5026
414.0 0.5029
414.1 0.5033
414.2 0.5036
414.3 0.5040
414.4 0.5044
414.5 0.5048
414.6 0.5052
414.7 0.5055
414.8 0.5059
414.9 0.5063
415.0 0.5067
415.1 0.5070
415.2 0.5073
415.3 0.5077
415.4 0.5080
415.5 0.5083
415.6 0.5086
415.7 0.5089
415.8 0.5092
415.9 0.5095
416.0 0.5098
416.1 0.5101
416.2 0.5104
416.3 0.5107
416.4 0.5109
416.5 0.5112
416.6 0.5115
416.7 0.5117
416.8 0.5120
416.9 0.5123
417.0 0.5125
417.1 0.5128
417.2 0.5130
417.3 0.5133
417.4 0.5135
417.5 0.5138
417.6 0.5141
417.7 0.5143
417.8 0.5146
417.9 0.5149
418.0 0.5152
418.1 0.5155
418.2 0.5157
418.3 0.5160
418.4 0.5163
418.5 0.5166
418.6 0.5168
418.7 0.5171
418.8 0.5174
418.9 0.5177
419.0 0.5180
419.1 0.5183
419.2 0.5186
419.3 0.5189
419.4 0.5192
419.5 0.5195
419.6 0.5198
419.7 0.5201
419.8 0.5204
419.9 0.5207
420.0 0.5210
420.1 0.5212
420.2 0.5215
420.3 0.5218
420.4 0.5220
420.5 0.5223
420.6 0.5225
420.7 0.5228
420.8 0.5230
420.9 0.5233
421.0 0.5235
421.1 0.5237
421.2 0.5239
421.3 0.5242
421.4 0.5244
421.5 0.5246
421.6 0.5249
421.7 0.5251
421.8 0.5254
421.9 0.5257
422.0 0.5260
422.1 0.5264
422.2 0.5267
422.3 0.5270
422.4 0.5274
422.5 0.5278
422.6 0.5281
422.7 0.5285
422.8 0.5289
422.9 0.5292
423.0 0.5296
423.1 0.5299
423.2 0.5303
423.3 0.5306
423.4 0.5309
423.5 0.5313
423.6 0.5316
423.7 0.5319
423.8 0.5322
423.9 0.5325
424.0 0.5328
424.1 0.5331
424.2 0.5333
424.3 0.5336
424.4 0.5338
424.5 0.5341
424.6 0.5343
424.7 0.5345
424.8 0.5346
424.9 0.5348
425.0 0.5350
425.1 0.5351
425.2 0.5352
425.3 0.5354
425.4 0.5355
425.5 0.5356
425.6 0.5357
425.7 0.5358
425.8 0.5359
425.9 0.5361
426.0 0.5362
426.1 0.5363
426.2 0.5365
426.3 0.5367
426.4 0.5369
426.5 0.5371
426.6 0.5373
426.7 0.5375
426.8 0.5378
426.9 0.5380
427.0 0.5382
427.1 0.5384
427.2 0.5386
427.3 0.5388
427.4 0.5390
427.5 0.5392
427.6 0.5394
427.7 0.5397
427.8 0.5400
427.9 0.5404
428.0 0.5408
428.1 0.5412
428.2 0.5417
428.3 0.5421
428.4 0.5426
428.5 0.5432
428.6 0.5437
428.7 0.5442
428.8 0.5447
428.9 0.5452
429.0 0.5456
429.1 0.5461
429.2 0.5465
429.3 0.5469
429.4 0.5473
429.5 0.5477
429.6 0.5481
429.7 0.5485
429.8 0.5488
429.9 0.5491
430.0 0.5494
430.1 0.5497
430.2 0.5500
430.3 0.5502
430.4 0.5504
430.5 0.5506
430.6 0.5507
430.7 0.5509
430.8 0.5510
430.9 0.5511
431.0 0.5511
431.1 0.5512
431.2 0.5512
431.3 0.5512
431.4 0.5512
431.5 0.5511
431.6 0.5511
431.7 0.5510
431.8 0.5509
431.9 0.5509
432.0 0.5508
432.1 0.5507
432.2 0.5507
432.3 0.5507
432.4 0.5507
432.5 0.5507
432.6 0.5508
432.7 0.5510
432.8 0.5511
432.9 0.5512
433.0 0.5514
433.1 0.5516
433.2 0.5517
433.3 0.5519
433.4 0.5521
433.5 0.5522
433.6 0.5524
433.7 0.5525
433.8 0.5526
433.9 0.5527
434.0 0.5528
434.1 0.5530
434.2 0.5531
434.3 0.5532
434.4 0.5534
434.5 0.5535
434.6 0.5536
434.7 0.5538
434.8 0.5539
434.9 0.5541
435.0 0.5542
435.1 0.5544
435.2 0.5546
435.3 0.5548
435.4 0.5550
435.5 0.5552
435.6 0.5553
435.7 0.5555
435.8 0.5557
435.9 0.5559
436.0 0.5561
436.1 0.5563
436.2 0.5565
436.3 0.5567
436.4 0.5569
436.5 0.5572
436.6 0.5574
436.7 0.5576
436.8 0.5579
436.9 0.5581
437.0 0.5583
437.1 0.5586
437.2 0.5588
437.3 0.5591
437.4 0.5593
437.5 0.5595
437.6 0.5597
437.7 0.5598
437.8 0.5600
437.9 0.5601
438.0 0.5603
438.1 0.5604
438.2 0.5605
438.3 0.5606
438.4 0.5607
438.5 0.5608
438.6 0.5609
438.7 0.5611
438.8 0.5612
438.9 0.5613
439.0 0.5614
439.1 0.5616
439.2 0.5617
439.3 0.5619
439.4 0.5621
439.5 0.5623
439.6 0.5625
439.7 0.5627
439.8 0.5629
439.9 0.5631
440.0 0.5634
440.1 0.5636
440.2 0.5638
440.3 0.5640
440.4 0.5642
440.5 0.5644
440.6 0.5645
440.7 0.5647
440.8 0.5649
440.9 0.5650
441.0 0.5652
441.1 0.5653
441.2 0.5655
441.3 0.5657
441.4 0.5658
441.5 0.5660
441.6 0.5661
441.7 0.5663
441.8 0.5664
441.9 0.5665
442.0 0.5666
442.1 0.5667
442.2 0.5667
442.3 0.5668
442.4 0.5668
442.5 0.5668
442.6 0.5668
442.7 0.5667
442.8 0.5667
442.9 0.5667
443.0 0.5667
443.1 0.5667
443.2 0.5668
443.3 0.5668
443.4 0.5669
443.5 0.5671
443.6 0.5672
443.7 0.5674
443.8 0.5676
443.9 0.5679
444.0 0.5682
444.1 0.5685
444.2 0.5688
444.3 0.5692
444.4 0.5695
444.5 0.5698
444.6 0.5702
444.7 0.5705
444.8 0.5709
444.9 0.5713
445.0 0.5716
445.1 0.5720
445.2 0.5723
445.3 0.5727
445.4 0.5730
445.5 0.5733
445.6 0.5736
445.7 0.5740
445.8 0.5743
445.9 0.5745
446.0 0.5748
446.1 0.5751
446.2 0.5754
446.3 0.5757
446.4 0.5760
446.5 0.5763
446.6 0.5766
446.7 0.5769
446.8 0.5772
446.9 0.5775
447.0 0.5777
447.1 0.5780
447.2 0.5782
447.3 0.5784
447.4 0.5786
447.5 0.5788
447.6 0.5790
447.7 0.5792
447.8 0.5794
447.9 0.5797
448.0 0.5799
448.1 0.5802
448.2 0.5804
448.3 0.5807
448.4 0.5810
448.5 0.5813
448.6 0.5816
448.7 0.5819
448.8 0.5822
448.9 0.5825
449.0 0.5827
449.1 0.5830
449.2 0.5832
449.3 0.5834
449.4 0.5837
449.5 0.5838
449.6 0.5840
449.7 0.5842
449.8 0.5844
449.9 0.5845
450.0 0.5846
450.1 0.5847
450.2 0.5848
450.3 0.5849
450.4 0.5850
450.5 0.5851
450.6 0.5851
450.7 0.5852
450.8 0.5852
450.9 0.5853
451.0 0.5854
451.1 0.5854
451.2 0.5855
451.3 0.5856
451.4 0.5857
451.5 0.5858
451.6 0.5859
451.7 0.5860
451.8 0.5861
451.9 0.5863
452.0 0.5864
452.1 0.5865
452.2 0.5866
452.3 0.5868
452.4 0.5869
452.5 0.5871
452.6 0.5873
452.7 0.5875
452.8 0.5877
452.9 0.5879
453.0 0.5882
453.1 0.5884
453.2 0.5887
453.3 0.5889
453.4 0.5892
453.5 0.5894
453.6 0.5897
453.7 0.5899
453.8 0.5901
453.9 0.5902
454.0 0.5904
454.1 0.5905
454.2 0.5907
454.3 0.5908
454.4 0.5909
454.5 0.5910
454.6 0.5910
454.7 0.5911
454.8 0.5912
454.9 0.5912
455.0 0.5913
455.1 0.5913
455.2 0.5914
455.3 0.5914
455.4 0.5914
455.5 0.5914
455.6 0.5914
455.7 0.5914
455.8 0.5914
455.9 0.5914
456.0 0.5914
456.1 0.5914
456.2 0.5914
456.3 0.5915
456.4 0.5915
456.5 0.5916
456.6 0.5917
456.7 0.5918
456.8 0.5919
456.9 0.5921
457.0 0.5922
457.1 0.5924
457.2 0.5925
457.3 0.5927
457.4 0.5928
457.5 0.5930
457.6 0.5932
457.7 0.5933
457.8 0.5935
457.9 0.5937
458.0 0.5938
458.1 0.5940
458.2 0.5942
458.3 0.5943
458.4 0.5945
458.5 0.5946
458.6 0.5948
458.7 0.5950
458.8 0.5951
458.9 0.5953
459.0 0.5954
459.1 0.5956
459.2 0.5958
459.3 0.5960
459.4 0.5962
459.5 0.5964
459.6 0.5966
459.7 0.5969
459.8 0.5971
459.9 0.5974
460.0 0.5976
460.1 0.5979
460.2 0.5982
460.3 0.5985
460.4 0.5988
460.5 0.5991
460.6 0.5994
460.7 0.5997
460.8 0.6000
460.9 0.6003
461.0 0.6007
461.1 0.6010
461.2 0.6013
461.3 0.6017
461.4 0.6020
461.5 0.6024
461.6 0.6027
461.7 0.6031
461.8 0.6034
461.9 0.6037
462.0 0.6041
462.1 0.6044
462.2 0.6047
462.3 0.6051
462.4 0.6054
462.5 0.6056
462.6 0.6059
462.7 0.6062
462.8 0.6064
462.9 0.6066
463.0 0.6068
463.1 0.6070
463.2 0.6072
463.3 0.6073
463.4 0.6075
463.5 0.6076
463.6 0.6077
463.7 0.6078
463.8 0.6079
463.9 0.6080
464.0 0.6081
464.1 0.6082
464.2 0.6083
464.3 0.6085
464.4 0.6086
464.5 0.6088
464.6 0.6090
464.7 0.6092
464.8 0.6094
464.9 0.6097
465.0 0.6099
465.1 0.6101
465.2 0.6103
465.3 0.6105
465.4 0.6107
465.5 0.6109
465.6 0.6111
465.7 0.6113
465.8 0.6114
465.9 0.6116
466.0 0.6117
466.1 0.6118
466.2 0.6119
466.3 0.6120
466.4 0.6121
466.5 0.6122
466.6 0.6123
466.7 0.6124
466.8 0.6124
466.9 0.6125
467.0 0.6126
467.1 0.6127
467.2 0.6128
467.3 0.6129
467.4 0.6129
467.5 0.6130
467.6 0.6131
467.7 0.6132
467.8 0.6133
467.9 0.6134
468.0 0.6134
468.1 0.6135
468.2 0.6135
468.3 0.6136
468.4 0.6137
468.5 0.6137
468.6 0.6138
468.7 0.6139
468.8 0.6141
468.9 0.6142
469.0 0.6144
469.1 0.6146
469.2 0.6148
469.3 0.6150
469.4 0.6153
469.5 0.6155
469.6 0.6157
469.7 0.6159
469.8 0.6162
469.9 0.6164
470.0 0.6165
470.1 0.6167
470.2 0.6169
470.3 0.6171
470.4 0.6173
470.5 0.6175
470.6 0.6176
470.7 0.6178
470.8 0.6180
470.9 0.6182
471.0 0.6184
471.1 0.6186
471.2 0.6188
471.3 0.6190
471.4 0.6192
471.5 0.6194
471.6 0.6196
471.7 0.6198
471.8 0.6200
471.9 0.6202
472.0 0.6204
472.1 0.6205
472.2 0.6207
472.3 0.6208
472.4 0.6209
472.5 0.6209
472.6 0.6209
472.7 0.6209
472.8 0.6209
472.9 0.6209
473.0 0.6209
473.1 0.6208
473.2 0.6208
473.3 0.6207
473.4 0.6207
473.5 0.6206
473.6 0.6206
473.7 0.6206
473.8 0.6206
473.9 0.6206
474.0 0.6207
474.1 0.6207
474.2 0.6208
474.3 0.6208
474.4 0.6209
474.5 0.6210
474.6 0.6211
474.7 0.6212
474.8 0.6213
474.9 0.6215
475.0 0.6216
475.1 0.6218
475.2 0.6220
475.3 0.6222
475.4 0.6224
475.5 0.6225
475.6 0.6227
475.7 0.6229
475.8 0.6230
475.9 0.6232
476.0 0.6233
476.1 0.6235
476.2 0.6236
476.3 0.6237
476.4 0.6238
476.5 0.6239
476.6 0.6240
476.7 0.6240
476.8 0.6241
476.9 0.6241
477.0 0.6241
477.1 0.6241
477.2 0.6242
477.3 0.6242
477.4 0.6242
477.5 0.6242
477.6 0.6242
477.7 0.6242
477.8 0.6243
477.9 0.6243
478.0 0.6243
478.1 0.6244
478.2 0.6245
478.3 0.6245
478.4 0.6246
478.5 0.6247
478.6 0.6248
478.7 0.6249
478.8 0.6250
478.9 0.6251
479.0 0.6253
479.1 0.6254
479.2 0.6255
479.3 0.6257
479.4 0.6258
479.5 0.6260
479.6 0.6261
479.7 0.6262
479.8 0.6263
479.9 0.6264
480.0 0.6265
480.1 0.6266
480.2 0.6266
480.3 0.6267
480.4 0.6267
480.5 0.6267
480.6 0.6268
480.7 0.6268
480.8 0.6268
480.9 0.6269
481.0 0.6269
481.1 0.6270
481.2 0.6270
481.3 0.6271
481.4 0.6271
481.5 0.6272
481.6 0.6273
481.7 0.6274
481.8 0.6274
481.9 0.6275
482.0 0.6275
482.1 0.6276
482.2 0.6276
482.3 0.6276
482.4 0.6276
482.5 0.6276
482.6 0.6275
482.7 0.6274
482.8 0.6273
482.9 0.6272
483.0 0.6270
483.1 0.6268
483.2 0.6266
483.3 0.6263
483.4 0.6261
483.5 0.6258
483.6 0.6256
483.7 0.6253
483.8 0.6251
483.9 0.6249
484.0 0.6248
484.1 0.6246
484.2 0.6245
484.3 0.6245
484.4 0.6245
484.5 0.6245
484.6 0.6245
484.7 0.6246
484.8 0.6248
484.9 0.6250
485.0 0.6252
485.1 0.6255
485.2 0.6258
485.3 0.6262
485.4 0.6266
485.5 0.6270
485.6 0.6274
485.7 0.6279
485.8 0.6284
485.9 0.6289
486.0 0.6294
486.1 0.6300
486.2 0.6305
486.3 0.6311
486.4 0.6316
486.5 0.6322
486.6 0.6328
486.7 0.6333
486.8 0.6338
486.9 0.6343
487.0 0.6347
487.1 0.6351
487.2 0.6355
487.3 0.6358
487.4 0.6361
487.5 0.6364
487.6 0.6365
487.7 0.6367
487.8 0.6367
487.9 0.6368
488.0 0.6368
488.1 0.6368
488.2 0.6368
488.3 0.6367
488.4 0.6367
488.5 0.6367
488.6 0.6366
488.7 0.6366
488.8 0.6365
488.9 0.6365
489.0 0.6364
489.1 0.6364
489.2 0.6364
489.3 0.6363
489.4 0.6363
489.5 0.6363
489.6 0.6364
489.7 0.6364
489.8 0.6365
489.9 0.6366
490.0 0.6367
490.1 0.6368
490.2 0.6369
490.3 0.6371
490.4 0.6372
490.5 0.6374
490.6 0.6376
490.7 0.6378
490.8 0.6380
490.9 0.6383
491.0 0.6385
491.1 0.6387
491.2 0.6390
491.3 0.6392
491.4 0.6395
491.5 0.6397
491.6 0.6400
491.7 0.6402
491.8 0.6404
491.9 0.6407
492.0 0.6409
492.1 0.6410
492.2 0.6412
492.3 0.6414
492.4 0.6415
492.5 0.6417
492.6 0.6418
492.7 0.6419
492.8 0.6421
492.9 0.6423
493.0 0.6424
493.1 0.6426
493.2 0.6428
493.3 0.6430
493.4 0.6432
493.5 0.6433
493.6 0.6435
493.7 0.6437
493.8 0.6438
493.9 0.6440
494.0 0.6441
494.1 0.6443
494.2 0.6444
494.3 0.6446
494.4 0.6448
494.5 0.6449
494.6 0.6451
494.7 0.6453
494.8 0.6455
494.9 0.6458
495.0 0.6460
495.1 0.6462
495.2 0.6465
495.3 0.6467
495.4 0.6470
495.5 0.6472
495.6 0.6475
495.7 0.6477
495.8 0.6480
495.9 0.6482
496.0 0.6484
496.1 0.6487
496.2 0.6489
496.3 0.6491
496.4 0.6493
496.5 0.6494
496.6 0.6496
496.7 0.6497
496.8 0.6497
496.9 0.6498
497.0 0.6498
497.1 0.6498
497.2 0.6499
497.3 0.6499
497.4 0.6499
497.5 0.6499
497.6 0.6499
497.7 0.6499
497.8 0.6499
497.9 0.6499
498.0 0.6499
498.1 0.6499
498.2 0.6499
498.3 0.6499
498.4 0.6498
498.5 0.6498
498.6 0.6497
498.7 0.6496
498.8 0.6496
498.9 0.6495
499.0 0.6494
499.1 0.6493
499.2 0.6493
499.3 0.6492
499.4 0.6492
499.5 0.6492
499.6 0.6493
499.7 0.6493
499.8 0.6494
499.9 0.6495
500.0 0.6496
500.1 0.6498
500.2 0.6499
500.3 0.6500
500.4 0.6501
500.5 0.6503
500.6 0.6504
500.7 0.6505
500.8 0.6506
500.9 0.6507
501.0 0.6508
501.1 0.6509
501.2 0.6510
501.3 0.6512
501.4 0.6513
501.5 0.6515
501.6 0.6517
501.7 0.6519
501.8 0.6521
501.9 0.6524
502.0 0.6526
502.1 0.6528
502.2 0.6530
502.3 0.6532
502.4 0.6534
502.5 0.6536
502.6 0.6537
502.7 0.6539
502.8 0.6540
502.9 0.6541
503.0 0.6542
503.1 0.6543
503.2 0.6544
503.3 0.6544
503.4 0.6545
503.5 0.6545
503.6 0.6545
503.7 0.6546
503.8 0.6546
503.9 0.6546
504.0 0.6546
504.1 0.6546
504.2 0.6546
504.3 0.6545
504.4 0.6545
504.5 0.6545
504.6 0.6545
504.7 0.6544
504.8 0.6544
504.9 0.6543
505.0 0.6543
505.1 0.6542
505.2 0.6541
505.3 0.6540
505.4 0.6540
505.5 0.6539
505.6 0.6538
505.7 0.6538
505.8 0.6537
505.9 0.6537
506.0 0.6537
506.1 0.6538
506.2 0.6538
506.3 0.6538
506.4 0.6539
506.5 0.6539
506.6 0.6540
506.7 0.6540
506.8 0.6541
506.9 0.6541
507.0 0.6541
507.1 0.6542
507.2 0.6542
507.3 0.6541
507.4 0.6541
507.5 0.6541
507.6 0.6540
507.7 0.6540
507.8 0.6539
507.9 0.6539
508.0 0.6538
508.1 0.6537
508.2 0.6536
508.3 0.6536
508.4 0.6535
508.5 0.6534
508.6 0.6533
508.7 0.6532
508.8 0.6531
508.9 0.6530
509.0 0.6530
509.1 0.6529
509.2 0.6529
509.3 0.6529
509.4 0.6529
509.5 0.6530
509.6 0.6530
509.7 0.6531
509.8 0.6532
509.9 0.6533
510.0 0.6535
510.1 0.6536
510.2 0.6538
510.3 0.6539
510.4 0.6541
510.5 0.6542
510.6 0.6544
510.7 0.6546
510.8 0.6548
510.9 0.6550
511.0 0.6552
511.1 0.6554
511.2 0.6557
511.3 0.6560
511.4 0.6563
511.5 0.6566
511.6 0.6569
511.7 0.6572
511.8 0.6576
511.9 0.6579
512.0 0.6583
512.1 0.6586
512.2 0.6589
512.3 0.6593
512.4 0.6596
512.5 0.6599
512.6 0.6603
512.7 0.6606
512.8 0.6609
512.9 0.6613
513.0 0.6616
513.1 0.6619
513.2 0.6622
513.3 0.6624
513.4 0.6627
513.5 0.6630
513.6 0.6632
513.7 0.6634
513.8 0.6636
513.9 0.6639
514.0 0.6641
514.1 0.6643
514.2 0.6645
514.3 0.6648
514.4 0.6650
514.5 0.6652
514.6 0.6655
514.7 0.6657
514.8 0.6660
514.9 0.6662
515.0 0.6664
515.1 0.6666
515.2 0.6668
515.3 0.6670
515.4 0.6672
515.5 0.6673
515.6 0.6675
515.7 0.6676
515.8 0.6677
515.9 0.6678
516.0 0.6680
516.1 0.6681
516.2 0.6682
516.3 0.6683
516.4 0.6683
516.5 0.6684
516.6 0.6684
516.7 0.6684
516.8 0.6684
516.9 0.6683
517.0 0.6682
517.1 0.6681
517.2 0.6680
517.3 0.6678
517.4 0.6677
517.5 0.6675
517.6 0.6672
517.7 0.6670
517.8 0.6667
517.9 0.6664
518.0 0.6661
518.1 0.6657
518.2 0.6654
518.3 0.6650
518.4 0.6647
518.5 0.6643
518.6 0.6640
518.7 0.6637
518.8 0.6634
518.9 0.6632
519.0 0.6630
519.1 0.6629
519.2 0.6628
519.3 0.6628
519.4 0.6627
519.5 0.6628
519.6 0.6628
519.7 0.6629
519.8 0.6631
519.9 0.6632
520.0 0.6634
520.1 0.6636
520.2 0.6638
520.3 0.6640
520.4 0.6643
520.5 0.6645
520.6 0.6648
520.7 0.6651
520.8 0.6654
520.9 0.6656
521.0 0.6659
521.1 0.6661
521.2 0.6663
521.3 0.6665
521.4 0.6667
521.5 0.6668
521.6 0.6669
521.7 0.6670
521.8 0.6670
521.9 0.6670
522.0 0.6670
522.1 0.6670
522.2 0.6669
522.3 0.6669
522.4 0.6668
522.5 0.6667
522.6 0.6666
522.7 0.6665
522.8 0.6664
522.9 0.6664
523.0 0.6663
523.1 0.6663
523.2 0.6662
523.3 0.6662
523.4 0.6662
523.5 0.6662
523.6 0.6663
523.7 0.6663
523.8 0.6664
523.9 0.6665
524.0 0.6666
524.1 0.6668
524.2 0.6669
524.3 0.6671
524.4 0.6672
524.5 0.6674
524.6 0.6677
524.7 0.6679
524.8 0.6681
524.9 0.6683
525.0 0.6686
525.1 0.6688
525.2 0.6690
525.3 0.6692
525.4 0.6694
525.5 0.6696
525.6 0.6698
525.7 0.6699
525.8 0.6700
525.9 0.6701
526.0 0.6702
526.1 0.6703
526.2 0.6704
526.3 0.6705
526.4 0.6705
526.5 0.6705
526.6 0.6705
526.7 0.6705
526.8 0.6705
526.9 0.6706
527.0 0.6706
527.1 0.6706
527.2 0.6707
527.3 0.6707
527.4 0.6708
527.5 0.6708
527.6 0.6709
527.7 0.6710
527.8 0.6711
527.9 0.6711
528.0 0.6712
528.1 0.6713
528.2 0.6713
528.3 0.6713
528.4 0.6714
528.5 0.6714
528.6 0.6714
528.7 0.6714
528.8 0.6714
528.9 0.6713
529.0 0.6713
529.1 0.6713
529.2 0.6713
529.3 0.6713
529.4 0.6713
529.5 0.6713
529.6 0.6713
529.7 0.6713
529.8 0.6713
529.9 0.6714
530.0 0.6714
530.1 0.6714
530.2 0.6715
530.3 0.6716
530.4 0.6717
530.5 0.6718
530.6 0.6719
530.7 0.6721
530.8 0.6723
530.9 0.6725
531.0 0.6728
531.1 0.6730
531.2 0.6733
531.3 0.6735
531.4 0.6737
531.5 0.6740
531.6 0.6742
531.7 0.6744
531.8 0.6746
531.9 0.6747
532.0 0.6748
532.1 0.6749
532.2 0.6750
532.3 0.6750
532.4 0.6750
532.5 0.6749
532.6 0.6749
532.7 0.6748
532.8 0.6747
532.9 0.6746
533.0 0.6745
533.1 0.6744
533.2 0.6742
533.3 0.6741
533.4 0.6739
533.5 0.6737
533.6 0.6735
533.7 0.6732
533.8 0.6730
533.9 0.6727
534.0 0.6724
534.1 0.6721
534.2 0.6718
534.3 0.6715
534.4 0.6713
534.5 0.6710
534.6 0.6707
534.7 0.6705
534.8 0.6702
534.9 0.6700
535.0 0.6698
535.1 0.6695
535.2 0.6694
535.3 0.6692
535.4 0.6690
535.5 0.6688
535.6 0.6686
535.7 0.6684
535.8 0.6682
535.9 0.6679
536.0 0.6677
536.1 0.6674
536.2 0.6672
536.3 0.6669
536.4 0.6666
536.5 0.6663
536.6 0.6660
536.7 0.6657
536.8 0.6653
536.9 0.6650
537.0 0.6646
537.1 0.6643
537.2 0.6639
537.3 0.6636
537.4 0.6632
537.5 0.6629
537.6 0.6625
537.7 0.6622
537.8 0.6618
537.9 0.6614
538.0 0.6610
538.1 0.6607
538.2 0.6603
538.3 0.6599
538.4 0.6594
538.5 0.6590
538.6 0.6586
538.7 0.6581
538.8 0.6576
538.9 0.6572
539.0 0.6567
539.1 0.6562
539.2 0.6557
539.3 0.6552
539.4 0.6546
539.5 0.6541
539.6 0.6535
539.7 0.6528
539.8 0.6522
539.9 0.6515
540.0 0.6508
540.1 0.6501
540.2 0.6493
540.3 0.6486
540.4 0.6479
540.5 0.6472
540.6 0.6465
540.7 0.6459
540.8 0.6453
540.9 0.6447
541.0 0.6442
541.1 0.6437
541.2 0.6432
541.3 0.6427
541.4 0.6423
541.5 0.6419
541.6 0.6414
541.7 0.6411
541.8 0.6407
541.9 0.6404
542.0 0.6402
542.1 0.6400
542.2 0.6398
542.3 0.6397
542.4 0.6396
542.5 0.6396
542.6 0.6397
542.7 0.6398
542.8 0.6400
542.9 0.6403
543.0 0.6406
543.1 0.6411
543.2 0.6416
543.3 0.6422
543.4 0.6428
543.5 0.6436
543.6 0.6444
543.7 0.6452
543.8 0.6461
543.9 0.6471
544.0 0.6481
544.1 0.6491
544.2 0.6501
544.3 0.6512
544.4 0.6523
544.5 0.6535
544.6 0.6547
544.7 0.6559
544.8 0.6571
544.9 0.6584
545.0 0.6597
545.1 0.6610
545.2 0.6624
545.3 0.6637
545.4 0.6651
545.5 0.6664
545.6 0.6677
545.7 0.6690
545.8 0.6702
545.9 0.6714
546.0 0.6725
546.1 0.6735
546.2 0.6745
546.3 0.6753
546.4 0.6762
546.5 0.6769
546.6 0.6776
546.7 0.6782
546.8 0.6787
546.9 0.6791
547.0 0.6794
547.1 0.6797
547.2 0.6799
547.3 0.6799
547.4 0.6799
547.5 0.6799
547.6 0.6797
547.7 0.6795
547.8 0.6792
547.9 0.6788
548.0 0.6783
548.1 0.6779
548.2 0.6773
548.3 0.6768
548.4 0.6762
548.5 0.6755
548.6 0.6749
548.7 0.6743
548.8 0.6736
548.9 0.6731
549.0 0.6725
549.1 0.6720
549.2 0.6715
549.3 0.6710
549.4 0.6705
549.5 0.6702
549.6 0.6698
549.7 0.6695
549.8 0.6692
549.9 0.6690
550.0 0.6687
550.1 0.6685
550.2 0.6684
550.3 0.6682
550.4 0.6681
550.5 0.6680
550.6 0.6680
550.7 0.6680
550.8 0.6680
550.9 0.6680
551.0 0.6681
551.1 0.6681
551.2 0.6682
551.3 0.6683
551.4 0.6684
551.5 0.6685
551.6 0.6686
551.7 0.6687
551.8 0.6688
551.9 0.6688
552.0 0.6689
552.1 0.6690
552.2 0.6691
552.3 0.6692
552.4 0.6693
552.5 0.6695
552.6 0.6696
552.7 0.6699
552.8 0.6702
552.9 0.6705
553.0 0.6709
553.1 0.6714
553.2 0.6719
553.3 0.6724
553.4 0.6730
553.5 0.6736
553.6 0.6743
553.7 0.6750
553.8 0.6757
553.9 0.6764
554.0 0.6771
554.1 0.6779
554.2 0.6786
554.3 0.6793
554.4 0.6800
554.5 0.6807
554.6 0.6814
554.7 0.6821
554.8 0.6828
554.9 0.6834
555.0 0.6841
555.1 0.6847
555.2 0.6854
555.3 0.6860
555.4 0.6865
555.5 0.6871
555.6 0.6876
555.7 0.6880
555.8 0.6884
555.9 0.6888
556.0 0.6891
556.1 0.6893
556.2 0.6895
556.3 0.6897
556.4 0.6899
556.5 0.6900
556.6 0.6901
556.7 0.6902
556.8 0.6903
556.9 0.6905
557.0 0.6907
557.1 0.6909
557.2 0.6911
557.3 0.6913
557.4 0.6916
557.5 0.6919
557.6 0.6923
557.7 0.6926
557.8 0.6930
557.9 0.6933
558.0 0.6936
558.1 0.6940
558.2 0.6943
558.3 0.6946
558.4 0.6949
558.5 0.6952
558.6 0.6954
558.7 0.6957
558.8 0.6959
558.9 0.6961
559.0 0.6963
559.1 0.6965
559.2 0.6967
559.3 0.6969
559.4 0.6971
559.5 0.6973
559.6 0.6974
559.7 0.6976
559.8 0.6978
559.9 0.6979
560.0 0.6980
560.1 0.6981
560.2 0.6982
560.3 0.6982
560.4 0.6983
560.5 0.6982
560.6 0.6982
560.7 0.6981
560.8 0.6981
560.9 0.6980
561.0 0.6979
561.1 0.6978
561.2 0.6977
561.3 0.6977
561.4 0.6977
561.5 0.6977
561.6 0.6977
561.7 0.6978
561.8 0.6979
561.9 0.6981
562.0 0.6982
562.1 0.6985
562.2 0.6987
562.3 0.6990
562.4 0.6992
562.5 0.6995
562.6 0.6998
562.7 0.7001
562.8 0.7004
562.9 0.7007
563.0 0.7010
563.1 0.7012
563.2 0.7015
563.3 0.7017
563.4 0.7019
563.5 0.7021
563.6 0.7023
563.7 0.7025
563.8 0.7027
563.9 0.7029
564.0 0.7031
564.1 0.7033
564.2 0.7035
564.3 0.7036
564.4 0.7038
564.5 0.7040
564.6 0.7041
564.7 0.7041
564.8 0.7042
564.9 0.7041
565.0 0.7041
565.1 0.7040
565.2 0.7038
565.3 0.7036
565.4 0.7033
565.5 0.7030
565.6 0.7027
565.7 0.7024
565.8 0.7020
565.9 0.7017
566.0 0.7013
566.1 0.7009
566.2 0.7006
566.3 0.7002
566.4 0.6999
566.5 0.6995
566.6 0.6992
566.7 0.6989
566.8 0.6986
566.9 0.6983
567.0 0.6980
567.1 0.6978
567.2 0.6975
567.3 0.6973
567.4 0.6971
567.5 0.6969
567.6 0.6967
567.7 0.6965
567.8 0.6964
567.9 0.6963
568.0 0.6962
568.1 0.6961
568.2 0.6961
568.3 0.6961
568.4 0.6961
568.5 0.6962
568.6 0.6962
568.7 0.6963
568.8 0.6964
568.9 0.6965
569.0 0.6966
569.1 0.6967
569.2 0.6968
569.3 0.6969
569.4 0.6970
569.5 0.6970
569.6 0.6971
569.7 0.6971
569.8 0.6971
569.9 0.6972
570.0 0.6972
570.1 0.6972
570.2 0.6972
570.3 0.6973
570.4 0.6974
570.5 0.6975
570.6 0.6975
570.7 0.6976
570.8 0.6977
570.9 0.6978
571.0 0.6978
571.1 0.6979
571.2 0.6979
571.3 0.6979
571.4 0.6978
571.5 0.6978
571.6 0.6977
571.7 0.6977
571.8 0.6976
571.9 0.6975
572.0 0.6974
572.1 0.6972
572.2 0.6971
572.3 0.6969
572.4 0.6967
572.5 0.6965
572.6 0.6962
572.7 0.6960
572.8 0.6957
572.9 0.6953
573.0 0.6950
573.1 0.6946
573.2 0.6942
573.3 0.6938
573.4 0.6933
573.5 0.6929
573.6 0.6924
573.7 0.6920
573.8 0.6915
573.9 0.6910
574.0 0.6906
574.1 0.6902
574.2 0.6898
574.3 0.6894
574.4 0.6891
574.5 0.6888
574.6 0.6885
574.7 0.6883
574.8 0.6882
574.9 0.6881
575.0 0.6880
575.1 0.6880
575.2 0.6881
575.3 0.6882
575.4 0.6884
575.5 0.6885
575.6 0.6887
575.7 0.6890
575.8 0.6892
575.9 0.6895
576.0 0.6897
576.1 0.6900
576.2 0.6903
576.3 0.6907
576.4 0.6910
576.5 0.6914
576.6 0.6917
576.7 0.6921
576.8 0.6925
576.9 0.6929
577.0 0.6933
577.1 0.6937
577.2 0.6941
577.3 0.6945
577.4 0.6949
577.5 0.6953
577.6 0.6957
577.7 0.6960
577.8 0.6964
577.9 0.6967
578.0 0.6970
578.1 0.6973
578.2 0.6976
578.3 0.6978
578.4 0.6981
578.5 0.6983
578.6 0.6986
578.7 0.6988
578.8 0.6991
578.9 0.6993
579.0 0.6996
579.1 0.6998
579.2 0.7001
579.3 0.7003
579.4 0.7006
579.5 0.7009
579.6 0.7011
579.7 0.7014
579.8 0.7017
579.9 0.7020
580.0 0.7023
580.1 0.7026
580.2 0.7030
580.3 0.7033
580.4 0.7036
580.5 0.7039
580.6 0.7042
580.7 0.7045
580.8 0.7047
580.9 0.7050
581.0 0.7053
581.1 0.7055
581.2 0.7058
581.3 0.7061
581.4 0.7063
581.5 0.7065
581.6 0.7068
581.7 0.7070
581.8 0.7072
581.9 0.7073
582.0 0.7075
582.1 0.7076
582.2 0.7077
582.3 0.7078
582.4 0.7079
582.5 0.7079
582.6 0.7079
582.7 0.7079
582.8 0.7079
582.9 0.7079
583.0 0.7079
583.1 0.7079
583.2 0.7079
583.3 0.7079
583.4 0.7079
583.5 0.7078
583.6 0.7078
583.7 0.7078
583.8 0.7078
583.9 0.7078
584.0 0.7077
584.1 0.7077
584.2 0.7077
584.3 0.7077
584.4 0.7077
584.5 0.7077
584.6 0.7078
584.7 0.7078
584.8 0.7078
584.9 0.7078
585.0 0.7078
585.1 0.7078
585.2 0.7077
585.3 0.7076
585.4 0.7075
585.5 0.7074
585.6 0.7072
585.7 0.7069
585.8 0.7066
585.9 0.7063
586.0 0.7060
586.1 0.7056
586.2 0.7053
586.3 0.7049
586.4 0.7045
586.5 0.7040
586.6 0.7036
586.7 0.7031
586.8 0.7026
586.9 0.7021
587.0 0.7015
587.1 0.7010
587.2 0.7004
587.3 0.6999
587.4 0.6993
587.5 0.6987
587.6 0.6982
587.7 0.6977
587.8 0.6972
587.9 0.6967
588.0 0.6963
588.1 0.6959
588.2 0.6955
588.3 0.6952
588.4 0.6949
588.5 0.6946
588.6 0.6944
588.7 0.6942
588.8 0.6941
588.9 0.6940
589.0 0.6940
589.1 0.6940
589.2 0.6940
589.3 0.6941
589.4 0.6941
589.5 0.6942
589.6 0.6942
589.7 0.6943
589.8 0.6943
589.9 0.6943
590.0 0.6943
590.1 0.6943
590.2 0.6943
590.3 0.6943
590.4 0.6942
590.5 0.6941
590.6 0.6941
590.7 0.6940
590.8 0.6940
590.9 0.6940
591.0 0.6940
591.1 0.6940
591.2 0.6940
591.3 0.6940
591.4 0.6940
591.5 0.6940
591.6 0.6939
591.7 0.6939
591.8 0.6938
591.9 0.6937
592.0 0.6936
592.1 0.6935
592.2 0.6934
592.3 0.6933
592.4 0.6932
592.5 0.6930
592.6 0.6929
592.7 0.6928
592.8 0.6927
592.9 0.6926
593.0 0.6925
593.1 0.6924
593.2 0.6923
593.3 0.6922
593.4 0.6921
593.5 0.6921
593.6 0.6921
593.7 0.6920
593.8 0.6920
593.9 0.6920
594.0 0.6920
594.1 0.6920
594.2 0.6921
594.3 0.6921
594.4 0.6922
594.5 0.6922
594.6 0.6923
594.7 0.6923
594.8 0.6924
594.9 0.6925
595.0 0.6926
595.1 0.6927
595.2 0.6928
595.3 0.6929
595.4 0.6930
595.5 0.6932
595.6 0.6933
595.7 0.6935
595.8 0.6936
595.9 0.6938
596.0 0.6939
596.1 0.6941
596.2 0.6943
596.3 0.6944
596.4 0.6946
596.5 0.6947
596.6 0.6948
596.7 0.6949
596.8 0.6950
596.9 0.6950
597.0 0.6951
597.1 0.6951
597.2 0.6951
597.3 0.6952
597.4 0.6952
597.5 0.6952
597.6 0.6952
597.7 0.6952
597.8 0.6952
597.9 0.6952
598.0 0.6952
598.1 0.6952
598.2 0.6952
598.3 0.6953
598.4 0.6953
598.5 0.6954
598.6 0.6954
598.7 0.6955
598.8 0.6956
598.9 0.6957
599.0 0.6959
599.1 0.6960
599.2 0.6962
599.3 0.6963
599.4 0.6965
599.5 0.6966
599.6 0.6968
599.7 0.6969
599.8 0.6970
599.9 0.6971
600.0 0.6973
600.1 0.6973
600.2 0.6973
600.3 0.6973
600.4 0.6973
600.5 0.6973
600.6 0.6973
600.7 0.6973
600.8 0.6973
600.9 0.6973
601.0 0.6973
601.1 0.6973
601.2 0.6973
601.3 0.6973
601.4 0.6973
601.5 0.6973
601.6 0.6971
601.7 0.6969
601.8 0.6966
601.9 0.6964
602.0 0.6962
602.1 0.6960
602.2 0.6958
602.3 0.6957
602.4 0.6957
602.5 0.6958
602.6 0.6958
602.7 0.6958
602.8 0.6958
602.9 0.6958
603.0 0.6958
603.1 0.6958
603.2 0.6958
603.3 0.6958
603.4 0.6958
603.5 0.6958
603.6 0.6958
603.7 0.6958
603.8 0.6958
603.9 0.6958
604.0 0.6958
604.1 0.6958
604.2 0.6958
604.3 0.6957
604.4 0.6955
604.5 0.6952
604.6 0.6948
604.7 0.6943
604.8 0.6939
604.9 0.6935
605.0 0.6931
605.1 0.6927
605.2 0.6923
605.3 0.6919
605.4 0.6915
605.5 0.6911
605.6 0.6907
605.7 0.6903
605.8 0.6900
605.9 0.6898
606.0 0.6897
606.1 0.6898
606.2 0.6897
606.3 0.6894
606.4 0.6889
606.5 0.6886
606.6 0.6886
606.7 0.6887
606.8 0.6889
606.9 0.6891
607.0 0.6893
607.1 0.6896
607.2 0.6897
607.3 0.6897
607.4 0.6897
607.5 0.6898
607.6 0.6900
607.7 0.6902
607.8 0.6905
607.9 0.6907
608.0 0.6908
608.1 0.6908
608.2 0.6907
608.3 0.6907
608.4 0.6907
608.5 0.6907
608.6 0.6907
608.7 0.6907
608.8 0.6907
608.9 0.6907
609.0 0.6908
609.1 0.6908
609.2 0.6907
609.3 0.6906
609.4 0.6903
609.5 0.6901
609.6 0.6899
609.7 0.6897
609.8 0.6896
609.9 0.6894
610.0 0.6888
610.1 0.6882
610.2 0.6876
610.3 0.6873
610.4 0.6869
610.5 0.6860
610.6 0.6844
610.7 0.6821
610.8 0.6794
610.9 0.6771
611.0 0.6758
611.1 0.6753
611.2 0.6750
611.3 0.6744
611.4 0.6730
611.5 0.6708
611.6 0.6680
611.7 0.6653
611.8 0.6630
611.9 0.6606
612.0 0.6574
612.1 0.6543
612.2 0.6524
612.3 0.6516
612.4 0.6507
612.5 0.6485
612.6 0.6456
612.7 0.6432
612.8 0.6417
612.9 0.6401
613.0 0.6378
613.1 0.6353
613.2 0.6335
613.3 0.6325
613.4 0.6310
613.5 0.6283
613.6 0.6250
613.7 0.6222
613.8 0.6204
613.9 0.6189
614.0 0.6173
614.1 0.6159
614.2 0.6149
614.3 0.6142
614.4 0.6133
614.5 0.6115
614.6 0.6093
614.7 0.6071
614.8 0.6051
614.9 0.6031
615.0 0.6013
615.1 0.5992
615.2 0.5968
615.3 0.5942
615.4 0.5920
615.5 0.5907
615.6 0.5899
615.7 0.5892
615.8 0.5880
615.9 0.5858
616.0 0.5824
616.1 0.5788
616.2 0.5760
616.3 0.5743
616.4 0.5735
616.5 0.5731
616.6 0.5725
616.7 0.5707
616.8 0.5682
616.9 0.5662
617.0 0.5653
617.1 0.5647
617.2 0.5637
617.3 0.5623
617.4 0.5613
617.5 0.5610
617.6 0.5609
617.7 0.5608
617.8 0.5606
617.9 0.5604
618.0 0.5604
618.1 0.5604
618.2 0.5605
618.3 0.5605
618.4 0.5604
618.5 0.5604
618.6 0.5604
618.7 0.5605
618.8 0.5607
618.9 0.5611
619.0 0.5617
619.1 0.5627
619.2 0.5643
619.3 0.5660
619.4 0.5673
619.5 0.5681
619.6 0.5688
619.7 0.5701
619.8 0.5717
619.9 0.5729
620.0 0.5736
620.1 0.5740
620.2 0.5744
620.3 0.5750
620.4 0.5760
620.5 0.5778
620.6 0.5803
620.7 0.5837
620.8 0.5871
620.9 0.5894
621.0 0.5905
621.1 0.5911
621.2 0.5921
621.3 0.5939
621.4 0.5965
621.5 0.5998
621.6 0.6032
621.7 0.6059
621.8 0.6082
621.9 0.6102
622.0 0.6122
622.1 0.6143
622.2 0.6166
622.3 0.6188
622.4 0.6208
622.5 0.6226
622.6 0.6244
622.7 0.6266
622.8 0.6289
622.9 0.6312
623.0 0.6336
623.1 0.6361
623.2 0.6387
623.3 0.6406
623.4 0.6410
623.5 0.6409
623.6 0.6422
623.7 0.6459
623.8 0.6496
623.9 0.6511
624.0 0.6507
624.1 0.6512
624.2 0.6541
624.3 0.6576
624.4 0.6599
624.5 0.6610
624.6 0.6617
624.7 0.6629
624.8 0.6645
624.9 0.6666
625.0 0.6688
625.1 0.6704
625.2 0.6712
625.3 0.6719
625.4 0.6730
625.5 0.6743
625.6 0.6754
625.7 0.6759
625.8 0.6761
625.9 0.6763
626.0 0.6767
626.1 0.6774
626.2 0.6783
626.3 0.6791
626.4 0.6795
626.5 0.6796
626.6 0.6797
626.7 0.6797
626.8 0.6797
626.9 0.6795
627.0 0.6795
627.1 0.6799
627.2 0.6809
627.3 0.6821
627.4 0.6831
627.5 0.6838
627.6 0.6844
627.7 0.6848
627.8 0.6852
627.9 0.6855
628.0 0.6859
628.1 0.6866
628.2 0.6876
628.3 0.6887
628.4 0.6897
628.5 0.6907
628.6 0.6917
628.7 0.6927
628.8 0.6937
628.9 0.6948
629.0 0.6958
629.1 0.6966
629.2 0.6971
629.3 0.6973
629.4 0.6972
629.5 0.6972
629.6 0.6975
629.7 0.6982
629.8 0.6988
629.9 0.6989
630.0 0.6988
630.1 0.6988
630.2 0.6988
630.3 0.6988
630.4 0.6988
630.5 0.6988
630.6 0.6989
630.7 0.6991
630.8 0.6993
630.9 0.6996
631.0 0.6998
631.1 0.6998
631.2 0.6998
631.3 0.6998
631.4 0.7000
631.5 0.7002
631.6 0.7003
631.7 0.7003
631.8 0.7003
631.9 0.7003
632.0 0.7003
632.1 0.7003
632.2 0.7003
632.3 0.7003
632.4 0.7003
632.5 0.7003
632.6 0.7003
632.7 0.7003
632.8 0.7003
632.9 0.7001
633.0 0.6999
633.1 0.6995
633.2 0.6991
633.3 0.6987
633.4 0.6984
633.5 0.6983
633.6 0.6982
633.7 0.6982
633.8 0.6983
633.9 0.6984
634.0 0.6983
634.1 0.6980
634.2 0.6975
634.3 0.6972
634.4 0.6970
634.5 0.6968
634.6 0.6966
634.7 0.6964
634.8 0.6962
634.9 0.6962
635.0 0.6963
635.1 0.6964
635.2 0.6964
635.3 0.6960
635.4 0.6954
635.5 0.6948
635.6 0.6947
635.7 0.6948
635.8 0.6947
635.9 0.6942
636.0 0.6938
636.1 0.6935
636.2 0.6933
636.3 0.6932
636.4 0.6930
636.5 0.6927
636.6 0.6925
636.7 0.6923
636.8 0.6921
636.9 0.6920
637.0 0.6917
637.1 0.6915
637.2 0.6913
637.3 0.6912
637.4 0.6913
637.5 0.6912
637.6 0.6909
637.7 0.6904
637.8 0.6900
637.9 0.6896
638.0 0.6892
638.1 0.6888
638.2 0.6884
638.3 0.6880
638.4 0.6878
638.5 0.6877
638.6 0.6878
638.7 0.6878
638.8 0.6875
638.9 0.6869
639.0 0.6860
639.1 0.6851
639.2 0.6844
639.3 0.6839
639.4 0.6838
639.5 0.6836
639.6 0.6832
639.7 0.6825
639.8 0.6812
639.9 0.6797
640.0 0.6783
640.1 0.6773
640.2 0.6764
640.3 0.6754
640.4 0.6742
640.5 0.6726
640.6 0.6708
640.7 0.6693
640.8 0.6686
640.9 0.6680
641.0 0.6664
641.1 0.6632
641.2 0.6597
641.3 0.6569
641.4 0.6548
641.5 0.6528
641.6 0.6505
641.7 0.6478
641.8 0.6449
641.9 0.6422
642.0 0.6404
642.1 0.6393
642.2 0.6376
642.3 0.6342
642.4 0.6302
642.5 0.6274
642.6 0.6260
642.7 0.6249
642.8 0.6230
642.9 0.6207
643.0 0.6193
643.1 0.6188
643.2 0.6188
643.3 0.6186
643.4 0.6184
643.5 0.6182
643.6 0.6183
643.7 0.6188
643.8 0.6197
643.9 0.6206
644.0 0.6208
644.1 0.6209
644.2 0.6224
644.3 0.6263
644.4 0.6305
644.5 0.6328
644.6 0.6328
644.7 0.6324
644.8 0.6326
644.9 0.6332
645.0 0.6336
645.1 0.6337
645.2 0.6333
645.3 0.6327
645.4 0.6318
645.5 0.6307
645.6 0.6294
645.7 0.6282
645.8 0.6269
645.9 0.6260
646.0 0.6257
646.1 0.6256
646.2 0.6252
646.3 0.6244
646.4 0.6235
646.5 0.6232
646.6 0.6234
646.7 0.6240
646.8 0.6246
646.9 0.6252
647.0 0.6256
647.1 0.6258
647.2 0.6258
647.3 0.6258
647.4 0.6265
647.5 0.6284
647.6 0.6309
647.7 0.6328
647.8 0.6337
647.9 0.6343
648.0 0.6350
648.1 0.6359
648.2 0.6366
648.3 0.6370
648.4 0.6377
648.5 0.6393
648.6 0.6412
648.7 0.6421
648.8 0.6421
648.9 0.6423
649.0 0.6439
649.1 0.6462
649.2 0.6481
649.3 0.6490
649.4 0.6494
649.5 0.6500
649.6 0.6507
649.7 0.6512
649.8 0.6517
649.9 0.6524
650.0 0.6537
650.1 0.6550
650.2 0.6558
650.3 0.6563
650.4 0.6570
650.5 0.6583
650.6 0.6599
650.7 0.6610
650.8 0.6616
650.9 0.6621
651.0 0.6629
651.1 0.6638
651.2 0.6643
651.3 0.6645
651.4 0.6651
651.5 0.6663
651.6 0.6677
651.7 0.6684
651.8 0.6686
651.9 0.6686
652.0 0.6689
652.1 0.6694
652.2 0.6699
652.3 0.6704
652.4 0.6706
652.5 0.6707
652.6 0.6706
652.7 0.6706
652.8 0.6706
652.9 0.6706
653.0 0.6706
653.1 0.6706
653.2 0.6706
653.3 0.6706
653.4 0.6706
653.5 0.6706
653.6 0.6706
653.7 0.6706
653.8 0.6706
653.9 0.6706
654.0 0.6709
654.1 0.6711
654.2 0.6712
654.3 0.6711
654.4 0.6711
654.5 0.6711
654.6 0.6711
654.7 0.6711
654.8 0.6711
654.9 0.6711
655.0 0.6711
655.1 0.6711
655.2 0.6711
655.3 0.6711
655.4 0.6711
655.5 0.6711
655.6 0.6711
655.7 0.6711
655.8 0.6711
655.9 0.6711
656.0 0.6711
656.1 0.6711
656.2 0.6711
656.3 0.6711
656.4 0.6711
656.5 0.6711
656.6 0.6711
656.7 0.6711
656.8 0.6711
656.9 0.6711
657.0 0.6711
657.1 0.6711
657.2 0.6711
657.3 0.6711
657.4 0.6711
657.5 0.6709
657.6 0.6706
657.7 0.6704
657.8 0.6702
657.9 0.6700
658.0 0.6699
658.1 0.6696
658.2 0.6692
658.3 0.6687
658.4 0.6685
658.5 0.6685
658.6 0.6686
658.7 0.6686
658.8 0.6686
658.9 0.6687
659.0 0.6689
659.1 0.6691
659.2 0.6692
659.3 0.6694
659.4 0.6701
659.5 0.6712
659.6 0.6722
659.7 0.6726
659.8 0.6727
659.9 0.6725
660.0 0.6725
660.1 0.6727
660.2 0.6733
660.3 0.6740
660.4 0.6743
660.5 0.6742
660.6 0.6741
660.7 0.6741
660.8 0.6741
660.9 0.6741
661.0 0.6741
661.1 0.6741
661.2 0.6741
661.3 0.6741
661.4 0.6742
661.5 0.6742
661.6 0.6741
661.7 0.6736
661.8 0.6732
661.9 0.6731
662.0 0.6734
662.1 0.6737
662.2 0.6739
662.3 0.6737
662.4 0.6730
662.5 0.6720
662.6 0.6707
662.7 0.6696
662.8 0.6687
662.9 0.6683
663.0 0.6681
663.1 0.6681
663.2 0.6679
663.3 0.6676
663.4 0.6672
663.5 0.6668
663.6 0.6665
663.7 0.6663
663.8 0.6661
663.9 0.6659
664.0 0.6657
664.1 0.6655
664.2 0.6653
664.3 0.6651
664.4 0.6649
664.5 0.6647
664.6 0.6644
664.7 0.6640
664.8 0.6636
664.9 0.6632
665.0 0.6631
665.1 0.6631
665.2 0.6634
665.3 0.6636
665.4 0.6636
665.5 0.6636
665.6 0.6636
665.7 0.6636
665.8 0.6636
665.9 0.6636
666.0 0.6636
666.1 0.6635
666.2 0.6635
666.3 0.6636
666.4 0.6638
666.5 0.6640
666.6 0.6641
666.7 0.6641
666.8 0.6641
666.9 0.6642
667.0 0.6648
667.1 0.6658
667.2 0.6671
667.3 0.6682
667.4 0.6690
667.5 0.6695
667.6 0.6698
667.7 0.6700
667.8 0.6701
667.9 0.6704
668.0 0.6709
668.1 0.6718
668.2 0.6731
668.3 0.6744
668.4 0.6753
668.5 0.6760
668.6 0.6765
668.7 0.6769
668.8 0.6773
668.9 0.6777
669.0 0.6781
669.1 0.6783
669.2 0.6784
669.3 0.6788
669.4 0.6795
669.5 0.6804
669.6 0.6816
669.7 0.6826
669.8 0.6834
669.9 0.6836
670.0 0.6837
670.1 0.6837
670.2 0.6839
670.3 0.6844
670.4 0.6853
670.5 0.6865
670.6 0.6879
670.7 0.6891
670.8 0.6900
670.9 0.6904
671.0 0.6907
671.1 0.6912
671.2 0.6919
671.3 0.6925
671.4 0.6929
671.5 0.6932
671.6 0.6936
671.7 0.6943
671.8 0.6953
671.9 0.6965
672.0 0.6977
672.1 0.6986
672.2 0.6991
672.3 0.6995
672.4 0.6999
672.5 0.7003
672.6 0.7008
672.7 0.7014
672.8 0.7022
672.9 0.7031
673.0 0.7038
673.1 0.7042
673.2 0.7046
673.3 0.7052
673.4 0.7060
673.5 0.7069
673.6 0.7076
673.7 0.7081
673.8 0.7087
673.9 0.7092
674.0 0.7099
674.1 0.7107
674.2 0.7116
674.3 0.7123
674.4 0.7129
674.5 0.7134
674.6 0.7140
674.7 0.7146
674.8 0.7154
674.9 0.7162
675.0 0.7170
675.1 0.7179
675.2 0.7187
675.3 0.7193
675.4 0.7197
675.5 0.7199
675.6 0.7200
675.7 0.7199
675.8 0.7199
675.9 0.7199
676.0 0.7199
676.1 0.7199
676.2 0.7199
676.3 0.7199
676.4 0.7199
676.5 0.7199
676.6 0.7197
676.7 0.7195
676.8 0.7191
676.9 0.7187
677.0 0.7183
677.1 0.7181
677.2 0.7179
677.3 0.7178
677.4 0.7176
677.5 0.7173
677.6 0.7171
677.7 0.7169
677.8 0.7169
677.9 0.7169
678.0 0.7169
678.1 0.7167
678.2 0.7164
678.3 0.7160
678.4 0.7156
678.5 0.7153
678.6 0.7152
678.7 0.7154
678.8 0.7156
678.9 0.7157
679.0 0.7150
679.1 0.7136
679.2 0.7124
679.3 0.7118
679.4 0.7115
679.5 0.7111
679.6 0.7103
679.7 0.7094
679.8 0.7086
679.9 0.7080
680.0 0.7077
680.1 0.7077
680.2 0.7078
680.3 0.7079
680.4 0.7074
680.5 0.7059
680.6 0.7037
680.7 0.7017
680.8 0.7006
680.9 0.7000
681.0 0.6995
681.1 0.6989
681.2 0.6982
681.3 0.6976
681.4 0.6970
681.5 0.6964
681.6 0.6957
681.7 0.6952
681.8 0.6948
681.9 0.6941
682.0 0.6929
682.1 0.6916
682.2 0.6906
682.3 0.6905
682.4 0.6907
682.5 0.6907
682.6 0.6906
682.7 0.6908
682.8 0.6915
682.9 0.6921
683.0 0.6923
683.1 0.6921
683.2 0.6924
683.3 0.6932
683.4 0.6941
683.5 0.6945
683.6 0.6946
683.7 0.6949
683.8 0.6957
683.9 0.6966
684.0 0.6971
684.1 0.6973
684.2 0.6973
684.3 0.6972
684.4 0.6972
684.5 0.6975
684.6 0.6979
684.7 0.6985
684.8 0.6991
684.9 0.6997
685.0 0.7002
685.1 0.7005
685.2 0.7010
685.3 0.7014
685.4 0.7018
685.5 0.7019
685.6 0.7018
685.7 0.7018
685.8 0.7018
685.9 0.7018
686.0 0.7017
686.1 0.7014
686.2 0.7012
686.3 0.7010
686.4 0.7008
686.5 0.7006
686.6 0.7004
686.7 0.7002
686.8 0.7002
686.9 0.7003
687.0 0.7006
687.1 0.7011
687.2 0.7015
687.3 0.7019
687.4 0.7023
687.5 0.7027
687.6 0.7031
687.7 0.7036
687.8 0.7040
687.9 0.7043
688.0 0.7044
688.1 0.7043
688.2 0.7043
688.3 0.7044
688.4 0.7043
688.5 0.7041
688.6 0.7039
688.7 0.7038
688.8 0.7038
688.9 0.7038
689.0 0.7038
689.1 0.7038
689.2 0.7038
689.3 0.7038
689.4 0.7038
689.5 0.7038
689.6 0.7038
689.7 0.7038
689.8 0.7038
689.9 0.7038
690.0 0.7038
690.1 0.7038
690.2 0.7039
690.3 0.7039
690.4 0.7037
690.5 0.7032
690.6 0.7025
690.7 0.7017
690.8 0.7009
690.9 0.7001
691.0 0.6993
691.1 0.6985
691.2 0.6976
691.3 0.6968
691.4 0.6961
691.5 0.6954
691.6 0.6945
691.7 0.6931
691.8 0.6916
691.9 0.6904
692.0 0.6897
692.1 0.6889
692.2 0.6875
692.3 0.6859
692.4 0.6849
692.5 0.6847
692.6 0.6847
692.7 0.6843
692.8 0.6837
692.9 0.6829
693.0 0.6821
693.1 0.6813
693.2 0.6802
693.3 0.6791
693.4 0.6784
693.5 0.6782
693.6 0.6782
693.7 0.6782
693.8 0.6782
693.9 0.6781
694.0 0.6781
694.1 0.6782
694.2 0.6782
694.3 0.6782
694.4 0.6780
694.5 0.6776
694.6 0.6771
694.7 0.6766
694.8 0.6762
694.9 0.6761
695.0 0.6760
695.1 0.6756
695.2 0.6745
695.3 0.6732
695.4 0.6720
695.5 0.6714
695.6 0.6711
695.7 0.6712
695.8 0.6712
695.9 0.6708
696.0 0.6701
696.1 0.6696
696.2 0.6696
696.3 0.6694
696.4 0.6683
696.5 0.6662
696.6 0.6636
696.7 0.6609
696.8 0.6583
696.9 0.6562
697.0 0.6547
697.1 0.6539
697.2 0.6539
697.3 0.6537
697.4 0.6526
697.5 0.6504
697.6 0.6471
697.7 0.6432
697.8 0.6400
697.9 0.6387
698.0 0.6386
698.1 0.6382
698.2 0.6365
698.3 0.6343
698.4 0.6326
698.5 0.6315
698.6 0.6306
698.7 0.6298
698.8 0.6290
698.9 0.6281
699.0 0.6273
699.1 0.6267
699.2 0.6263
699.3 0.6259
699.4 0.6252
699.5 0.6242
699.6 0.6228
699.7 0.6210
699.8 0.6195
699.9 0.6183
700.0 0.6176
700.1 0.6171
700.2 0.6167
700.3 0.6163
700.4 0.6160
700.5 0.6156
700.6 0.6150
700.7 0.6142
700.8 0.6133
700.9 0.6126
701.0 0.6120
701.1 0.6115
701.2 0.6111
701.3 0.6108
701.4 0.6104
701.5 0.6099
701.6 0.6095
701.7 0.6091
701.8 0.6087
701.9 0.6083
702.0 0.6079
702.1 0.6076
702.2 0.6073
702.3 0.6072
702.4 0.6072
702.5 0.6072
702.6 0.6072
702.7 0.6072
702.8 0.6072
702.9 0.6072
703.0 0.6072
703.1 0.6072
703.2 0.6072
703.3 0.6072
703.4 0.6074
703.5 0.6076
703.6 0.6080
703.7 0.6084
703.8 0.6088
703.9 0.6091
704.0 0.6095
704.1 0.6103
704.2 0.6113
704.3 0.6125
704.4 0.6134
704.5 0.6141
704.6 0.6144
704.7 0.6146
704.8 0.6149
704.9 0.6156
705.0 0.6165
705.1 0.6175
705.2 0.6186
705.3 0.6195
705.4 0.6204
705.5 0.6212
705.6 0.6218
705.7 0.6223
705.8 0.6230
705.9 0.6239
706.0 0.6247
706.1 0.6253
706.2 0.6259
706.3 0.6266
706.4 0.6275
706.5 0.6287
706.6 0.6300
706.7 0.6313
706.8 0.6321
706.9 0.6325
707.0 0.6328
707.1 0.6335
707.2 0.6344
707.3 0.6352
707.4 0.6359
707.5 0.6364
707.6 0.6366
707.7 0.6368
707.8 0.6370
707.9 0.6372
708.0 0.6374
708.1 0.6376
708.2 0.6378
708.3 0.6381
708.4 0.6385
708.5 0.6389
708.6 0.6391
708.7 0.6398
708.8 0.6414
708.9 0.6438
709.0 0.6460
709.1 0.6470
709.2 0.6474
709.3 0.6477
709.4 0.6481
709.5 0.6485
709.6 0.6486
709.7 0.6487
709.8 0.6495
709.9 0.6506
710.0 0.6515
710.1 0.6517
710.2 0.6515
710.3 0.6515
710.4 0.6517
710.5 0.6520
710.6 0.6523
710.7 0.6524
710.8 0.6526
710.9 0.6528
711.0 0.6531
711.1 0.6535
711.2 0.6539
711.3 0.6541
711.4 0.6542
711.5 0.6546
711.6 0.6554
711.7 0.6563
711.8 0.6569
711.9 0.6572
712.0 0.6576
712.1 0.6583
712.2 0.6589
712.3 0.6593
712.4 0.6594
712.5 0.6596
712.6 0.6598
712.7 0.6600
712.8 0.6601
712.9 0.6601
713.0 0.6600
713.1 0.6597
713.2 0.6592
713.3 0.6582
713.4 0.6566
713.5 0.6541
713.6 0.6508
713.7 0.6475
713.8 0.6447
713.9 0.6429
714.0 0.6424
714.1 0.6427
714.2 0.6422
714.3 0.6394
714.4 0.6356
714.5 0.6323
714.6 0.6301
714.7 0.6274
714.8 0.6231
714.9 0.6186
715.0 0.6161
715.1 0.6153
715.2 0.6135
715.3 0.6083
715.4 0.6020
715.5 0.5976
715.6 0.5958
715.7 0.5942
715.8 0.5908
715.9 0.5865
716.0 0.5831
716.1 0.5809
716.2 0.5785
716.3 0.5751
716.4 0.5710
716.5 0.5670
716.6 0.5635
716.7 0.5603
716.8 0.5572
716.9 0.5537
717.0 0.5493
717.1 0.5444
717.2 0.5406
717.3 0.5387
717.4 0.5377
717.5 0.5364
717.6 0.5337
717.7 0.5291
717.8 0.5228
717.9 0.5161
718.0 0.5109
718.1 0.5075
718.2 0.5053
718.3 0.5036
718.4 0.5015
718.5 0.4982
718.6 0.4941
718.7 0.4905
718.8 0.4880
718.9 0.4858
719.0 0.4828
719.1 0.4790
719.2 0.4751
719.3 0.4715
719.4 0.4688
719.5 0.4676
719.6 0.4673
719.7 0.4666
719.8 0.4650
719.9 0.4625
720.0 0.4595
720.1 0.4563
720.2 0.4536
720.3 0.4517
720.4 0.4505
720.5 0.4496
720.6 0.4488
720.7 0.4480
720.8 0.4466
720.9 0.4439
721.0 0.4392
721.1 0.4339
721.2 0.4301
721.3 0.4286
721.4 0.4278
721.5 0.4263
721.6 0.4241
721.7 0.4216
721.8 0.4190
721.9 0.4159
722.0 0.4123
722.1 0.4090
722.2 0.4068
722.3 0.4053
722.4 0.4023
722.5 0.3961
722.6 0.3890
722.7 0.3841
722.8 0.3824
722.9 0.3819
723.0 0.3807
723.1 0.3787
723.2 0.3758
723.3 0.3723
723.4 0.3683
723.5 0.3640
723.6 0.3603
723.7 0.3584
723.8 0.3576
723.9 0.3561
724.0 0.3526
724.1 0.3483
724.2 0.3449
724.3 0.3430
724.4 0.3419
724.5 0.3411
724.6 0.3398
724.7 0.3373
724.8 0.3338
724.9 0.3306
725.0 0.3285
725.1 0.3270
725.2 0.3255
725.3 0.3238
725.4 0.3223
725.5 0.3209
725.6 0.3195
725.7 0.3177
725.8 0.3159
725.9 0.3148
726.0 0.3147
726.1 0.3149
726.2 0.3148
726.3 0.3143
726.4 0.3139
726.5 0.3140
726.6 0.3146
726.7 0.3159
726.8 0.3174
726.9 0.3189
727.0 0.3201
727.1 0.3214
727.2 0.3232
727.3 0.3256
727.4 0.3288
727.5 0.3325
727.6 0.3356
727.7 0.3373
727.8 0.3386
727.9 0.3413
728.0 0.3457
728.1 0.3503
728.2 0.3536
728.3 0.3558
728.4 0.3579
728.5 0.3604
728.6 0.3634
728.7 0.3669
728.8 0.3708
728.9 0.3748
729.0 0.3788
729.1 0.3821
729.2 0.3844
729.3 0.3864
729.4 0.3892
729.5 0.3928
729.6 0.3967
729.7 0.4001
729.8 0.4032
729.9 0.4065
730.0 0.4101
730.1 0.4130
730.2 0.4149
730.3 0.4174
730.4 0.4225
730.5 0.4299
730.6 0.4372
730.7 0.4421
730.8 0.4446
730.9 0.4455
731.0 0.4460
731.1 0.4479
731.2 0.4523
731.3 0.4580
731.4 0.4628
731.5 0.4662
731.6 0.4685
731.7 0.4702
731.8 0.4717
731.9 0.4734
732.0 0.4755
732.1 0.4777
732.2 0.4799
732.3 0.4821
732.4 0.4843
732.5 0.4866
732.6 0.4895
732.7 0.4930
732.8 0.4965
732.9 0.4992
733.0 0.5007
733.1 0.5010
733.2 0.5007
733.3 0.5017
733.4 0.5058
733.5 0.5120
733.6 0.5174
733.7 0.5204
733.8 0.5218
733.9 0.5233
734.0 0.5248
734.1 0.5260
734.2 0.5268
734.3 0.5282
734.4 0.5310
734.5 0.5344
734.6 0.5368
734.7 0.5378
734.8 0.5392
734.9 0.5429
735.0 0.5477
735.1 0.5512
735.2 0.5524
735.3 0.5524
735.4 0.5525
735.5 0.5532
735.6 0.5552
735.7 0.5584
735.8 0.5620
735.9 0.5652
736.0 0.5679
736.1 0.5702
736.2 0.5722
736.3 0.5739
736.4 0.5753
736.5 0.5767
736.6 0.5782
736.7 0.5802
736.8 0.5829
736.9 0.5862
737.0 0.5896
737.1 0.5921
737.2 0.5937
737.3 0.5956
737.4 0.5986
737.5 0.6019
737.6 0.6040
737.7 0.6048
737.8 0.6057
737.9 0.6078
738.0 0.6109
738.1 0.6149
738.2 0.6190
738.3 0.6224
738.4 0.6245
738.5 0.6256
738.6 0.6261
738.7 0.6267
738.8 0.6280
738.9 0.6302
739.0 0.6326
739.1 0.6341
739.2 0.6351
739.3 0.6366
739.4 0.6394
739.5 0.6425
739.6 0.6445
739.7 0.6454
739.8 0.6461
739.9 0.6471
740.0 0.6482
740.1 0.6489
740.2 0.6498
740.3 0.6513
740.4 0.6539
740.5 0.6565
740.6 0.6578
740.7 0.6581
740.8 0.6587
740.9 0.6602
741.0 0.6617
741.1 0.6626
741.2 0.6629
741.3 0.6631
741.4 0.6635
741.5 0.6643
741.6 0.6655
741.7 0.6670
741.8 0.6685
741.9 0.6696
742.0 0.6705
742.1 0.6711
742.2 0.6716
742.3 0.6724
742.4 0.6734
742.5 0.6744
742.6 0.6754
742.7 0.6763
742.8 0.6768
742.9 0.6771
743.0 0.6776
743.1 0.6783
743.2 0.6792
743.3 0.6799
743.4 0.6803
743.5 0.6806
743.6 0.6810
743.7 0.6816
743.8 0.6827
743.9 0.6840
744.0 0.6851
744.1 0.6857
744.2 0.6857
744.3 0.6857
744.4 0.6857
744.5 0.6857
744.6 0.6858
744.7 0.6858
744.8 0.6856
744.9 0.6854
745.0 0.6852
745.1 0.6852
745.2 0.6850
745.3 0.6843
745.4 0.6831
745.5 0.6822
745.6 0.6818
745.7 0.6817
745.8 0.6816
745.9 0.6814
746.0 0.6812
746.1 0.6811
746.2 0.6811
746.3 0.6813
746.4 0.6815
746.5 0.6817
746.6 0.6817
746.7 0.6817
746.8 0.6817
746.9 0.6820
747.0 0.6822
747.1 0.6825
747.2 0.6826
747.3 0.6827
747.4 0.6827
747.5 0.6827
747.6 0.6827
747.7 0.6827
747.8 0.6827
747.9 0.6827
748.0 0.6827
748.1 0.6827
748.2 0.6827
748.3 0.6827
748.4 0.6827
748.5 0.6827
748.6 0.6827
748.7 0.6827
748.8 0.6827
748.9 0.6826
749.0 0.6827
749.1 0.6829
749.2 0.6832
749.3 0.6832
749.4 0.6832
749.5 0.6832
749.6 0.6832
749.7 0.6832
749.8 0.6832
749.9 0.6832
750.0 0.6832
750.1 0.6831
750.2 0.6828
750.3 0.6822
750.4 0.6815
750.5 0.6811
750.6 0.6809
750.7 0.6807
750.8 0.6801
750.9 0.6792
751.0 0.6783
751.1 0.6774
751.2 0.6767
751.3 0.6762
751.4 0.6759
751.5 0.6755
751.6 0.6749
751.7 0.6742
751.8 0.6733
751.9 0.6724
752.0 0.6719
752.1 0.6718
752.2 0.6716
752.3 0.6712
752.4 0.6708
752.5 0.6705
752.6 0.6704
752.7 0.6701
752.8 0.6694
752.9 0.6685
753.0 0.6677
753.1 0.6672
753.2 0.6665
753.3 0.6657
753.4 0.6649
753.5 0.6643
753.6 0.6641
753.7 0.6641
753.8 0.6640
753.9 0.6637
754.0 0.6632
754.1 0.6623
754.2 0.6614
754.3 0.6606
754.4 0.6598
754.5 0.6590
754.6 0.6581
754.7 0.6574
754.8 0.6570
754.9 0.6567
755.0 0.6561
755.1 0.6555
755.2 0.6549
755.3 0.6545
755.4 0.6538
755.5 0.6526
755.6 0.6510
755.7 0.6497
755.8 0.6489
755.9 0.6478
756.0 0.6459
756.1 0.6437
756.2 0.6422
756.3 0.6417
756.4 0.6412
756.5 0.6395
756.6 0.6374
756.7 0.6362
756.8 0.6362
756.9 0.6359
757.0 0.6338
757.1 0.6309
757.2 0.6290
757.3 0.6288
757.4 0.6293
757.5 0.6293
757.6 0.6289
757.7 0.6289
757.8 0.6293
757.9 0.6290
758.0 0.6273
758.1 0.6252
758.2 0.6240
758.3 0.6238
758.4 0.6230
758.5 0.6201
758.6 0.6161
758.7 0.6122
758.8 0.6093
758.9 0.6078
759.0 0.6075
759.1 0.6068
759.2 0.6040
759.3 0.5994
759.4 0.5957
759.5 0.5949
759.6 0.5953
759.7 0.5943
759.8 0.5916
759.9 0.5891
760.0 0.5883
760.1 0.5886
760.2 0.5884
760.3 0.5877
760.4 0.5871
760.5 0.5871
760.6 0.5872
760.7 0.5868
760.8 0.5860
760.9 0.5850
761.0 0.5843
761.1 0.5838
761.2 0.5833
761.3 0.5829
761.4 0.5825
761.5 0.5824
761.6 0.5825
761.7 0.5828
761.8 0.5832
761.9 0.5836
762.0 0.5839
762.1 0.5841
762.2 0.5840
762.3 0.5839
762.4 0.5842
762.5 0.5848
762.6 0.5858
762.7 0.5869
762.8 0.5879
762.9 0.5888
763.0 0.5893
763.1 0.5896
763.2 0.5898
763.3 0.5900
763.4 0.5902
763.5 0.5904
763.6 0.5906
763.7 0.5907
763.8 0.5909
763.9 0.5913
764.0 0.5921
764.1 0.5930
764.2 0.5938
764.3 0.5944
764.4 0.5947
764.5 0.5946
764.6 0.5946
764.7 0.5951
764.8 0.5958
764.9 0.5963
765.0 0.5963
765.1 0.5962
765.2 0.5960
765.3 0.5958
765.4 0.5956
765.5 0.5954
765.6 0.5952
765.7 0.5949
765.8 0.5947
765.9 0.5946
766.0 0.5947
766.1 0.5946
766.2 0.5945
766.3 0.5943
766.4 0.5940
766.5 0.5939
766.6 0.5941
766.7 0.5947
766.8 0.5954
766.9 0.5958
767.0 0.5960
767.1 0.5962
767.2 0.5965
767.3 0.5969
767.4 0.5975
767.5 0.5981
767.6 0.5987
767.7 0.5993
767.8 0.5999
767.9 0.6005
768.0 0.6012
768.1 0.6017
768.2 0.6022
768.3 0.6026
768.4 0.6029
768.5 0.6032
768.6 0.6038
768.7 0.6048
768.8 0.6059
768.9 0.6066
769.0 0.6070
769.1 0.6073
769.2 0.6076
769.3 0.6081
769.4 0.6086
769.5 0.6092
769.6 0.6098
769.7 0.6104
769.8 0.6107
769.9 0.6107
770.0 0.6105
770.1 0.6102
770.2 0.6098
770.3 0.6093
770.4 0.6089
770.5 0.6085
770.6 0.6081
770.7 0.6078
770.8 0.6074
770.9 0.6067
771.0 0.6058
771.1 0.6050
771.2 0.6042
771.3 0.6038
771.4 0.6036
771.5 0.6038
771.6 0.6044
771.7 0.6054
771.8 0.6065
771.9 0.6076
772.0 0.6087
772.1 0.6095
772.2 0.6102
772.3 0.6107
772.4 0.6109
772.5 0.6108
772.6 0.6107
772.7 0.6104
772.8 0.6098
772.9 0.6088
773.0 0.6077
773.1 0.6070
773.2 0.6066
773.3 0.6062
773.4 0.6055
773.5 0.6046
773.6 0.6039
773.7 0.6034
773.8 0.6032
773.9 0.6032
774.0 0.6030
774.1 0.6023
774.2 0.6011
774.3 0.6002
774.4 0.5998
774.5 0.5997
774.6 0.5995
774.7 0.5990
774.8 0.5981
774.9 0.5971
775.0 0.5960
775.1 0.5953
775.2 0.5947
775.3 0.5941
775.4 0.5931
775.5 0.5920
775.6 0.5911
775.7 0.5903
775.8 0.5895
775.9 0.5888
776.0 0.5882
776.1 0.5880
776.2 0.5877
776.3 0.5869
776.4 0.5855
776.5 0.5840
776.6 0.5830
776.7 0.5826
776.8 0.5819
776.9 0.5808
777.0 0.5798
777.1 0.5793
777.2 0.5790
777.3 0.5783
777.4 0.5768
777.5 0.5746
777.6 0.5723
777.7 0.5702
777.8 0.5687
777.9 0.5675
778.0 0.5660
778.1 0.5633
778.2 0.5602
778.3 0.5580
778.4 0.5571
778.5 0.5566
778.6 0.5553
778.7 0.5532
778.8 0.5504
778.9 0.5474
779.0 0.5447
779.1 0.5427
779.2 0.5413
779.3 0.5397
779.4 0.5379
779.5 0.5360
779.6 0.5342
779.7 0.5326
779.8 0.5312
779.9 0.5299
780.0 0.5284
780.1 0.5265
780.2 0.5244
780.3 0.5224
780.4 0.5207
780.5 0.5193
780.6 0.5180
780.7 0.5168
780.8 0.5156
780.9 0.5144
781.0 0.5132
781.1 0.5118
781.2 0.5097
781.3 0.5063
781.4 0.5021
781.5 0.4985
781.6 0.4967
781.7 0.4961
781.8 0.4959
781.9 0.4952
782.0 0.4934
782.1 0.4902
782.2 0.4865
782.3 0.4833
782.4 0.4812
782.5 0.4799
782.6 0.4791
782.7 0.4784
782.8 0.4771
782.9 0.4752
783.0 0.4732
783.1 0.4712
783.2 0.4698
783.3 0.4690
783.4 0.4687
783.5 0.4683
783.6 0.4675
783.7 0.4666
783.8 0.4660
783.9 0.4656
784.0 0.4653
784.1 0.4649
784.2 0.4642
784.3 0.4630
784.4 0.4617
784.5 0.4607
784.6 0.4602
784.7 0.4599
784.8 0.4593
784.9 0.4583
785.0 0.4570
785.1 0.4557
785.2 0.4545
785.3 0.4537
785.4 0.4531
785.5 0.4526
785.6 0.4521
785.7 0.4518
785.8 0.4518
785.9 0.4521
786.0 0.4524
786.1 0.4526
786.2 0.4527
786.3 0.4529
786.4 0.4531
786.5 0.4534
786.6 0.4538
786.7 0.4546
786.8 0.4560
786.9 0.4575
787.0 0.4587
787.1 0.4594
787.2 0.4598
787.3 0.4600
787.4 0.4602
787.5 0.4604
787.6 0.4606
787.7 0.4613
787.8 0.4626
787.9 0.4641
788.0 0.4653
788.1 0.4661
788.2 0.4664
788.3 0.4664
788.4 0.4663
788.5 0.4664
788.6 0.4667
788.7 0.4669
788.8 0.4667
788.9 0.4665
789.0 0.4663
789.1 0.4662
789.2 0.4658
789.3 0.4650
789.4 0.4641
789.5 0.4636
789.6 0.4633
789.7 0.4628
789.8 0.4617
789.9 0.4603
790.0 0.4592
790.1 0.4582
790.2 0.4572
790.3 0.4561
790.4 0.4551
790.5 0.4544
790.6 0.4540
790.7 0.4537
790.8 0.4535
790.9 0.4533
791.0 0.4533
791.1 0.4536
791.2 0.4538
791.3 0.4541
791.4 0.4546
791.5 0.4554
791.6 0.4565
791.7 0.4575
791.8 0.4580
791.9 0.4583
792.0 0.4584
792.1 0.4588
792.2 0.4596
792.3 0.4609
792.4 0.4625
792.5 0.4638
792.6 0.4649
792.7 0.4655
792.8 0.4657
792.9 0.4658
793.0 0.4660
793.1 0.4662
793.2 0.4664
793.3 0.4666
793.4 0.4668
793.5 0.4671
793.6 0.4673
793.7 0.4674
793.8 0.4674
793.9 0.4674
794.0 0.4673
794.1 0.4673
794.2 0.4674
794.3 0.4676
794.4 0.4678
794.5 0.4681
794.6 0.4683
794.7 0.4685
794.8 0.4687
794.9 0.4689
795.0 0.4691
795.1 0.4693
795.2 0.4695
795.3 0.4696
795.4 0.4699
795.5 0.4702
795.6 0.4707
795.7 0.4711
795.8 0.4715
795.9 0.4719
796.0 0.4723
796.1 0.4727
796.2 0.4731
796.3 0.4735
796.4 0.4739
796.5 0.4745
796.6 0.4752
796.7 0.4756
796.8 0.4760
796.9 0.4765
797.0 0.4772
797.1 0.4781
797.2 0.4790
797.3 0.4798
797.4 0.4805
797.5 0.4811
797.6 0.4817
797.7 0.4824
797.8 0.4830
797.9 0.4835
798.0 0.4839
798.1 0.4843
798.2 0.4849
798.3 0.4855
798.4 0.4861
798.5 0.4864
798.6 0.4868
798.7 0.4874
798.8 0.4881
798.9 0.4886
799.0 0.4887
799.1 0.4889
799.2 0.4894
799.3 0.4904
799.4 0.4919
799.5 0.4937
799.6 0.4953
799.7 0.4960
799.8 0.4965
799.9 0.4974
800.0 0.4992
800.1 0.5012
800.2 0.5027
800.3 0.5038
800.4 0.5050
800.5 0.5062
800.6 0.5074
800.7 0.5083
800.8 0.5091
800.9 0.5099
801.0 0.5110
801.1 0.5120
801.2 0.5128
801.3 0.5138
801.4 0.5153
801.5 0.5175
801.6 0.5199
801.7 0.5221
801.8 0.5239
801.9 0.5252
802.0 0.5261
802.1 0.5267
802.2 0.5271
802.3 0.5275
802.4 0.5280
802.5 0.5290
802.6 0.5307
802.7 0.5331
802.8 0.5357
802.9 0.5376
803.0 0.5389
803.1 0.5403
803.2 0.5425
803.3 0.5446
803.4 0.5457
803.5 0.5458
803.6 0.5459
803.7 0.5466
803.8 0.5483
803.9 0.5509
804.0 0.5540
804.1 0.5571
804.2 0.5597
804.3 0.5615
804.4 0.5623
804.5 0.5625
804.6 0.5630
804.7 0.5644
804.8 0.5662
804.9 0.5682
805.0 0.5699
805.1 0.5711
805.2 0.5717
805.3 0.5719
805.4 0.5722
805.5 0.5724
805.6 0.5725
805.7 0.5725
805.8 0.5728
805.9 0.5739
806.0 0.5754
806.1 0.5767
806.2 0.5773
806.3 0.5775
806.4 0.5778
806.5 0.5783
806.6 0.5786
806.7 0.5788
806.8 0.5793
806.9 0.5804
807.0 0.5818
807.1 0.5827
807.2 0.5830
807.3 0.5830
807.4 0.5833
807.5 0.5838
807.6 0.5841
807.7 0.5842
807.8 0.5841
807.9 0.5841
808.0 0.5844
808.1 0.5847
808.2 0.5851
808.3 0.5855
808.4 0.5859
808.5 0.5863
808.6 0.5868
808.7 0.5876
808.8 0.5885
808.9 0.5894
809.0 0.5903
809.1 0.5908
809.2 0.5912
809.3 0.5920
809.4 0.5936
809.5 0.5956
809.6 0.5974
809.7 0.5989
809.8 0.6001
809.9 0.6013
810.0 0.6023
810.1 0.6029
810.2 0.6032
810.3 0.6037
810.4 0.6047
810.5 0.6061
810.6 0.6073
810.7 0.6082
810.8 0.6087
810.9 0.6090
811.0 0.6092
811.1 0.6093
811.2 0.6095
811.3 0.6098
811.4 0.6100
811.5 0.6102
811.6 0.6103
811.7 0.6105
811.8 0.6108
811.9 0.6111
812.0 0.6116
812.1 0.6120
812.2 0.6124
812.3 0.6128
812.4 0.6132
812.5 0.6139
812.6 0.6151
812.7 0.6167
812.8 0.6180
812.9 0.6187
813.0 0.6192
813.1 0.6196
813.2 0.6200
813.3 0.6204
813.4 0.6206
813.5 0.6208
813.6 0.6209
813.7 0.6209
813.8 0.6208
813.9 0.6206
814.0 0.6204
814.1 0.6201
814.2 0.6199
814.3 0.6198
814.4 0.6198
814.5 0.6198
814.6 0.6198
814.7 0.6198
814.8 0.6198
814.9 0.6200
815.0 0.6203
815.1 0.6205
815.2 0.6209
815.3 0.6216
815.4 0.6226
815.5 0.6237
815.6 0.6246
815.7 0.6254
815.8 0.6261
815.9 0.6268
816.0 0.6273
816.1 0.6276
816.2 0.6279
816.3 0.6288
816.4 0.6301
816.5 0.6313
816.6 0.6319
816.7 0.6320
816.8 0.6318
816.9 0.6317
817.0 0.6319
817.1 0.6325
817.2 0.6334
817.3 0.6342
817.4 0.6349
817.5 0.6354
817.6 0.6359
817.7 0.6363
817.8 0.6365
817.9 0.6366
818.0 0.6369
818.1 0.6375
818.2 0.6382
818.3 0.6387
818.4 0.6391
818.5 0.6400
818.6 0.6415
818.7 0.6430
818.8 0.6438
818.9 0.6439
819.0 0.6440
819.1 0.6444
819.2 0.6451
819.3 0.6460
819.4 0.6468
819.5 0.6475
819.6 0.6481
819.7 0.6490
819.8 0.6506
819.9 0.6526
820.0 0.6542
820.1 0.6548
820.2 0.6550
820.3 0.6553
820.4 0.6557
820.5 0.6561
820.6 0.6561
820.7 0.6563
820.8 0.6573
820.9 0.6587
821.0 0.6597
821.1 0.6601
821.2 0.6601
821.3 0.6600
821.4 0.6600
821.5 0.6601
821.6 0.6601
821.7 0.6600
821.8 0.6600
821.9 0.6600
822.0 0.6600
822.1 0.6601
822.2 0.6604
822.3 0.6612
822.4 0.6620
822.5 0.6628
822.6 0.6632
822.7 0.6635
822.8 0.6640
822.9 0.6646
823.0 0.6653
823.1 0.6660
823.2 0.6665
823.3 0.6667
823.4 0.6667
823.5 0.6665
823.6 0.6663
823.7 0.6661
823.8 0.6659
823.9 0.6656
824.0 0.6656
824.1 0.6656
824.2 0.6656
824.3 0.6655
824.4 0.6655
824.5 0.6658
824.6 0.6664
824.7 0.6671
824.8 0.6675
824.9 0.6676
825.0 0.6676
825.1 0.6677
825.2 0.6681
825.3 0.6691
825.4 0.6702
825.5 0.6709
825.6 0.6711
825.7 0.6711
825.8 0.6711
825.9 0.6711
826.0 0.6711
826.1 0.6711
826.2 0.6711
826.3 0.6711
826.4 0.6711
826.5 0.6713
826.6 0.6716
826.7 0.6722
826.8 0.6729
826.9 0.6735
827.0 0.6739
827.1 0.6741
827.2 0.6741
827.3 0.6742
827.4 0.6745
827.5 0.6750
827.6 0.6757
827.7 0.6762
827.8 0.6763
827.9 0.6762
828.0 0.6761
828.1 0.6761
828.2 0.6761
828.3 0.6760
828.4 0.6757
828.5 0.6753
828.6 0.6749
828.7 0.6746
828.8 0.6744
828.9 0.6742
829.0 0.6739
829.1 0.6734
829.2 0.6730
829.3 0.6727
829.4 0.6726
829.5 0.6727
829.6 0.6729
829.7 0.6732
829.8 0.6736
829.9 0.6740
830.0 0.6747
830.1 0.6753
830.2 0.6758
830.3 0.6759
830.4 0.6761
830.5 0.6765
830.6 0.6769
830.7 0.6773
830.8 0.6773
830.9 0.6772
831.0 0.6768
831.1 0.6763
831.2 0.6761
831.3 0.6759
831.4 0.6757
831.5 0.6751
831.6 0.6742
831.7 0.6731
831.8 0.6721
831.9 0.6711
832.0 0.6704
832.1 0.6696
832.2 0.6685
832.3 0.6668
832.4 0.6651
832.5 0.6633
832.6 0.6617
832.7 0.6604
832.8 0.6593
832.9 0.6585
833.0 0.6578
833.1 0.6568
833.2 0.6547
833.3 0.6518
833.4 0.6487
833.5 0.6460
833.6 0.6437
833.7 0.6419
833.8 0.6404
833.9 0.6393
834.0 0.6384
834.1 0.6374
834.2 0.6359
834.3 0.6338
834.4 0.6309
834.5 0.6272
834.6 0.6238
834.7 0.6214
834.8 0.6202
834.9 0.6198
835.0 0.6195
835.1 0.6184
835.2 0.6157
835.3 0.6119
835.4 0.6086
835.5 0.6064
835.6 0.6047
835.7 0.6026
835.8 0.5999
835.9 0.5969
836.0 0.5938
836.1 0.5908
836.2 0.5880
836.3 0.5855
836.4 0.5828
836.5 0.5797
836.6 0.5762
836.7 0.5724
836.8 0.5685
836.9 0.5649
837.0 0.5620
837.1 0.5601
837.2 0.5595
837.3 0.5595
837.4 0.5593
837.5 0.5587
837.6 0.5580
837.7 0.5576
837.8 0.5577
837.9 0.5582
838.0 0.5589
838.1 0.5594
838.2 0.5594
838.3 0.5591
838.4 0.5589
838.5 0.5589
838.6 0.5585
838.7 0.5571
838.8 0.5558
838.9 0.5555
839.0 0.5560
839.1 0.5554
839.2 0.5526
839.3 0.5486
839.4 0.5453
839.5 0.5431
839.6 0.5416
839.7 0.5402
839.8 0.5388
839.9 0.5378
840.0 0.5375
840.1 0.5378
840.2 0.5390
840.3 0.5404
840.4 0.5412
840.5 0.5415
840.6 0.5419
840.7 0.5429
840.8 0.5451
840.9 0.5487
841.0 0.5536
841.1 0.5590
841.2 0.5642
841.3 0.5681
841.4 0.5698
841.5 0.5699
841.6 0.5701
841.7 0.5716
841.8 0.5741
841.9 0.5769
842.0 0.5793
842.1 0.5807
842.2 0.5810
842.3 0.5807
842.4 0.5804
842.5 0.5803
842.6 0.5800
842.7 0.5793
842.8 0.5787
842.9 0.5783
843.0 0.5783
843.1 0.5787
843.2 0.5794
843.3 0.5800
843.4 0.5801
843.5 0.5802
843.6 0.5816
843.7 0.5845
843.8 0.5876
843.9 0.5897
844.0 0.5910
844.1 0.5920
844.2 0.5930
844.3 0.5936
844.4 0.5936
844.5 0.5940
844.6 0.5963
844.7 0.6006
844.8 0.6050
844.9 0.6077
845.0 0.6089
845.1 0.6094
845.2 0.6096
845.3 0.6097
845.4 0.6100
845.5 0.6104
845.6 0.6111
845.7 0.6119
845.8 0.6127
845.9 0.6133
846.0 0.6136
846.1 0.6138
846.2 0.6140
846.3 0.6143
846.4 0.6148
846.5 0.6155
846.6 0.6160
846.7 0.6164
846.8 0.6168
846.9 0.6172
847.0 0.6176
847.1 0.6179
847.2 0.6181
847.3 0.6183
847.4 0.6185
847.5 0.6187
847.6 0.6189
847.7 0.6191
847.8 0.6193
847.9 0.6195
848.0 0.6197
848.1 0.6199
848.2 0.6202
848.3 0.6203
848.4 0.6203
848.5 0.6203
848.6 0.6203
848.7 0.6203
848.8 0.6203
848.9 0.6202
849.0 0.6199
849.1 0.6195
849.2 0.6191
849.3 0.6187
849.4 0.6186
849.5 0.6184
849.6 0.6180
849.7 0.6173
849.8 0.6166
849.9 0.6160
850.0 0.6154
850.1 0.6148
850.2 0.6139
850.3 0.6123
850.4 0.6101
850.5 0.6081
850.6 0.6069
850.7 0.6063
850.8 0.6054
850.9 0.6036
851.0 0.6008
851.1 0.5973
851.2 0.5934
851.3 0.5902
851.4 0.5880
851.5 0.5864
851.6 0.5847
851.7 0.5827
851.8 0.5800
851.9 0.5766
852.0 0.5730
852.1 0.5696
852.2 0.5667
852.3 0.5640
852.4 0.5614
852.5 0.5587
852.6 0.5557
852.7 0.5525
852.8 0.5498
852.9 0.5477
853.0 0.5464
853.1 0.5458
853.2 0.5447
853.3 0.5417
853.4 0.5369
853.5 0.5324
853.6 0.5296
853.7 0.5279
853.8 0.5265
853.9 0.5246
854.0 0.5222
854.1 0.5193
854.2 0.5161
854.3 0.5131
854.4 0.5105
854.5 0.5086
854.6 0.5072
854.7 0.5049
854.8 0.5000
854.9 0.4934
855.0 0.4877
855.1 0.4847
855.2 0.4834
855.3 0.4822
855.4 0.4802
855.5 0.4770
855.6 0.4727
855.7 0.4677
855.8 0.4628
855.9 0.4584
856.0 0.4549
856.1 0.4522
856.2 0.4497
856.3 0.4465
856.4 0.4427
856.5 0.4391
856.6 0.4364
856.7 0.4342
856.8 0.4324
856.9 0.4305
857.0 0.4280
857.1 0.4248
857.2 0.4214
857.3 0.4186
857.4 0.4162
857.5 0.4140
857.6 0.4119
857.7 0.4103
857.8 0.4095
857.9 0.4086
858.0 0.4061
858.1 0.4015
858.2 0.3960
858.3 0.3910
858.4 0.3872
858.5 0.3848
858.6 0.3833
858.7 0.3810
858.8 0.3762
858.9 0.3705
859.0 0.3668
859.1 0.3657
859.2 0.3646
859.3 0.3612
859.4 0.3562
859.5 0.3518
859.6 0.3485
859.7 0.3452
859.8 0.3411
859.9 0.3369
860.0 0.3339
860.1 0.3324
860.2 0.3309
860.3 0.3282
860.4 0.3248
860.5 0.3216
860.6 0.3186
860.7 0.3151
860.8 0.3109
860.9 0.3069
861.0 0.3044
861.1 0.3035
861.2 0.3029
861.3 0.3012
861.4 0.2987
861.5 0.2957
861.6 0.2928
861.7 0.2907
861.8 0.2902
861.9 0.2903
862.0 0.2900
862.1 0.2891
862.2 0.2882
862.3 0.2877
862.4 0.2874
862.5 0.2871
862.6 0.2869
862.7 0.2867
862.8 0.2867
862.9 0.2867
863.0 0.2868
863.1 0.2870
863.2 0.2873
863.3 0.2877
863.4 0.2881
863.5 0.2886
863.6 0.2890
863.7 0.2893
863.8 0.2894
863.9 0.2900
864.0 0.2913
864.1 0.2935
864.2 0.2958
864.3 0.2979
864.4 0.2995
864.5 0.3005
864.6 0.3011
864.7 0.3022
864.8 0.3039
864.9 0.3064
865.0 0.3094
865.1 0.3127
865.2 0.3161
865.3 0.3192
865.4 0.3214
865.5 0.3225
865.6 0.3237
865.7 0.3270
865.8 0.3327
865.9 0.3383
866.0 0.3416
866.1 0.3429
866.2 0.3437
866.3 0.3449
866.4 0.3472
866.5 0.3508
866.6 0.3546
866.7 0.3574
866.8 0.3588
866.9 0.3603
867.0 0.3632
867.1 0.3667
867.2 0.3696
867.3 0.3717
867.4 0.3741
867.5 0.3777
867.6 0.3813
867.7 0.3836
867.8 0.3845
867.9 0.3853
868.0 0.3874
868.1 0.3906
868.2 0.3941
868.3 0.3975
868.4 0.3999
868.5 0.4012
868.6 0.4017
868.7 0.4023
868.8 0.4032
868.9 0.4040
869.0 0.4045
869.1 0.4054
869.2 0.4071
869.3 0.4092
869.4 0.4105
869.5 0.4103
869.6 0.4104
869.7 0.4128
869.8 0.4172
869.9 0.4216
870.0 0.4243
870.1 0.4260
870.2 0.4277
870.3 0.4294
870.4 0.4308
870.5 0.4317
870.6 0.4335
870.7 0.4376
870.8 0.4431
870.9 0.4479
871.0 0.4505
871.1 0.4519
871.2 0.4532
871.3 0.4548
871.4 0.4567
871.5 0.4590
871.6 0.4612
871.7 0.4632
871.8 0.4646
871.9 0.4655
872.0 0.4659
872.1 0.4662
872.2 0.4670
872.3 0.4682
872.4 0.4691
872.5 0.4695
872.6 0.4698
872.7 0.4702
872.8 0.4706
872.9 0.4710
873.0 0.4712
873.1 0.4714
873.2 0.4714
873.3 0.4714
873.4 0.4714
873.5 0.4714
873.6 0.4714
873.7 0.4714
873.8 0.4714
873.9 0.4714
874.0 0.4713
874.1 0.4714
874.2 0.4716
874.3 0.4718
874.4 0.4719
874.5 0.4717
874.6 0.4714
874.7 0.4712
874.8 0.4708
874.9 0.4699
875.0 0.4683
875.1 0.4664
875.2 0.4647
875.3 0.4631
875.4 0.4616
875.5 0.4604
875.6 0.4598
875.7 0.4601
875.8 0.4600
875.9 0.4581
876.0 0.4547
876.1 0.4517
876.2 0.4505
876.3 0.4501
876.4 0.4490
876.5 0.4470
876.6 0.4451
876.7 0.4440
876.8 0.4434
876.9 0.4429
877.0 0.4415
877.1 0.4377
877.2 0.4309
877.3 0.4246
877.4 0.4222
877.5 0.4217
877.6 0.4170
877.7 0.4052
877.8 0.3922
877.9 0.3851
878.0 0.3838
878.1 0.3831
878.2 0.3790
878.3 0.3701
878.4 0.3556
878.5 0.3385
878.6 0.3236
878.7 0.3141
878.8 0.3097
878.9 0.3090
879.0 0.3083
879.1 0.3024
879.2 0.2899
879.3 0.2782
879.4 0.2743
879.5 0.2751
879.6 0.2721
879.7 0.2611
879.8 0.2463
879.9 0.2320
880.0 0.2209
880.1 0.2145
880.2 0.2125
880.3 0.2117
880.4 0.2089
880.5 0.2028
880.6 0.1930
880.7 0.1806
880.8 0.1694
880.9 0.1626
881.0 0.1591
881.1 0.1563
881.2 0.1527
881.3 0.1484
881.4 0.1438
881.5 0.1384
881.6 0.1312
881.7 0.1230
881.8 0.1166
881.9 0.1140
882.0 0.1133
882.1 0.1116
882.2 0.1079
882.3 0.1038
882.4 0.1007
882.5 0.0987
882.6 0.0978
882.7 0.0975
882.8 0.0976
882.9 0.0977
883.0 0.0976
883.1 0.0976
883.2 0.0976
883.3 0.0981
883.4 0.0993
883.5 0.1008
883.6 0.1025
883.7 0.1041
883.8 0.1057
883.9 0.1073
884.0 0.1087
884.1 0.1098
884.2 0.1107
884.3 0.1118
884.4 0.1132
884.5 0.1144
884.6 0.1150
884.7 0.1151
884.8 0.1153
884.9 0.1158
885.0 0.1159
885.1 0.1149
885.2 0.1130
885.3 0.1115
885.4 0.1110
885.5 0.1108
885.6 0.1102
885.7 0.1088
885.8 0.1067
885.9 0.1039
886.0 0.1009
886.1 0.0982
886.2 0.0956
886.3 0.0930
886.4 0.0902
886.5 0.0876
886.6 0.0856
886.7 0.0838
886.8 0.0820
886.9 0.0799
887.0 0.0782
887.1 0.0774
887.2 0.0772
887.3 0.0768
887.4 0.0760
887.5 0.0751
887.6 0.0744
887.7 0.0744
887.8 0.0755
887.9 0.0775
888.0 0.0793
888.1 0.0799
888.2 0.0802
888.3 0.0818
888.4 0.0849
888.5 0.0878
888.6 0.0891
888.7 0.0895
888.8 0.0907
888.9 0.0931
889.0 0.0959
889.1 0.0981
889.2 0.0996
889.3 0.1003
889.4 0.1005
889.5 0.1006
889.6 0.1010
889.7 0.1014
889.8 0.1017
889.9 0.1017
890.0 0.1016
890.1 0.1017
890.2 0.1020
890.3 0.1023
890.4 0.1025
890.5 0.1026
890.6 0.1027
890.7 0.1029
890.8 0.1035
890.9 0.1043
891.0 0.1052
891.1 0.1059
891.2 0.1065
891.3 0.1069
891.4 0.1073
891.5 0.1077
891.6 0.1082
891.7 0.1086
891.8 0.1087
891.9 0.1087
892.0 0.1087
892.1 0.1088
892.2 0.1088
892.3 0.1084
892.4 0.1077
892.5 0.1071
892.6 0.1067
892.7 0.1066
892.8 0.1068
892.9 0.1068
893.0 0.1066
893.1 0.1058
893.2 0.1049
893.3 0.1042
893.4 0.1039
893.5 0.1035
893.6 0.1031
893.7 0.1027
893.8 0.1025
893.9 0.1025
894.0 0.1027
894.1 0.1028
894.2 0.1031
894.3 0.1034
894.4 0.1039
894.5 0.1050
894.6 0.1065
894.7 0.1080
894.8 0.1087
894.9 0.1090
895.0 0.1093
895.1 0.1100
895.2 0.1118
895.3 0.1149
895.4 0.1184
895.5 0.1210
895.6 0.1223
895.7 0.1235
895.8 0.1259
895.9 0.1285
896.0 0.1303
896.1 0.1310
896.2 0.1321
896.3 0.1347
896.4 0.1377
896.5 0.1393
896.6 0.1395
896.7 0.1403
896.8 0.1431
896.9 0.1467
897.0 0.1494
897.1 0.1505
897.2 0.1509
897.3 0.1513
897.4 0.1517
897.5 0.1521
897.6 0.1523
897.7 0.1524
897.8 0.1525
897.9 0.1525
898.0 0.1523
898.1 0.1520
898.2 0.1519
898.3 0.1522
898.4 0.1524
898.5 0.1524
898.6 0.1524
898.7 0.1536
898.8 0.1563
898.9 0.1592
899.0 0.1607
899.1 0.1611
899.2 0.1622
899.3 0.1650
899.4 0.1684
899.5 0.1711
899.6 0.1728
899.7 0.1743
899.8 0.1762
899.9 0.1781
900.0 0.1796
900.1 0.1820
900.2 0.1875
900.3 0.1964
900.4 0.2049
900.5 0.2092
900.6 0.2097
900.7 0.2093
900.8 0.2100
900.9 0.2117
901.0 0.2140
901.1 0.2172
901.2 0.2217
901.3 0.2271
901.4 0.2314
901.5 0.2324
901.6 0.2318
901.7 0.2332
901.8 0.2379
901.9 0.2439
902.0 0.2488
902.1 0.2522
902.2 0.2540
902.3 0.2549
902.4 0.2562
902.5 0.2591
902.6 0.2641
902.7 0.2716
902.8 0.2806
902.9 0.2881
903.0 0.2916
903.1 0.2922
903.2 0.2925
903.3 0.2942
903.4 0.2981
903.5 0.3048
903.6 0.3133
903.7 0.3223
903.8 0.3305
903.9 0.3362
904.0 0.3387
904.1 0.3398
904.2 0.3422
904.3 0.3469
904.4 0.3525
904.5 0.3581
904.6 0.3632
904.7 0.3675
904.8 0.3712
904.9 0.3743
905.0 0.3773
905.1 0.3803
905.2 0.3833
905.3 0.3861
905.4 0.3885
905.5 0.3903
905.6 0.3928
905.7 0.3972
905.8 0.4030
905.9 0.4078
906.0 0.4100
906.1 0.4107
906.2 0.4117
906.3 0.4139
906.4 0.4182
906.5 0.4245
906.6 0.4311
906.7 0.4359
906.8 0.4389
906.9 0.4416
907.0 0.4450
907.1 0.4483
907.2 0.4508
907.3 0.4531
907.4 0.4566
907.5 0.4619
907.6 0.4671
907.7 0.4705
907.8 0.4722
907.9 0.4738
908.0 0.4764
908.1 0.4799
908.2 0.4841
908.3 0.4883
908.4 0.4910
908.5 0.4918
908.6 0.4919
908.7 0.4926
908.8 0.4941
908.9 0.4961
909.0 0.4982
909.1 0.4999
909.2 0.5005
909.3 0.5003
909.4 0.4999
909.5 0.4997
909.6 0.4996
909.7 0.4996
909.8 0.4997
909.9 0.4994
910.0 0.4986
910.1 0.4977
910.2 0.4967
910.3 0.4959
910.4 0.4953
910.5 0.4949
910.6 0.4946
910.7 0.4942
910.8 0.4940
910.9 0.4941
911.0 0.4943
911.1 0.4945
911.2 0.4946
911.3 0.4947
911.4 0.4955
911.5 0.4968
911.6 0.4980
911.7 0.4988
911.8 0.4990
911.9 0.4990
912.0 0.4994
912.1 0.5011
912.2 0.5047
912.3 0.5089
912.4 0.5120
912.5 0.5136
912.6 0.5142
912.7 0.5145
912.8 0.5149
912.9 0.5156
913.0 0.5167
913.1 0.5178
913.2 0.5187
913.3 0.5194
913.4 0.5200
913.5 0.5202
913.6 0.5202
913.7 0.5197
913.8 0.5190
913.9 0.5182
914.0 0.5175
914.1 0.5171
914.2 0.5170
914.3 0.5171
914.4 0.5173
914.5 0.5175
914.6 0.5177
914.7 0.5180
914.8 0.5185
914.9 0.5192
915.0 0.5202
915.1 0.5215
915.2 0.5228
915.3 0.5240
915.4 0.5246
915.5 0.5253
915.6 0.5267
915.7 0.5294
915.8 0.5332
915.9 0.5379
916.0 0.5424
916.1 0.5455
916.2 0.5470
916.3 0.5481
916.4 0.5501
916.5 0.5529
916.6 0.5558
916.7 0.5586
916.8 0.5622
916.9 0.5672
917.0 0.5722
917.1 0.5753
917.2 0.5759
917.3 0.5760
917.4 0.5771
917.5 0.5788
917.6 0.5798
917.7 0.5797
917.8 0.5791
917.9 0.5785
918.0 0.5779
918.1 0.5773
918.2 0.5764
918.3 0.5751
918.4 0.5734
918.5 0.5716
918.6 0.5707
918.7 0.5706
918.8 0.5705
918.9 0.5699
919.0 0.5689
919.1 0.5682
919.2 0.5678
919.3 0.5675
919.4 0.5671
919.5 0.5667
919.6 0.5663
919.7 0.5661
919.8 0.5660
919.9 0.5659
920.0 0.5657
920.1 0.5651
920.2 0.5642
920.3 0.5634
920.4 0.5629
920.5 0.5626
920.6 0.5623
920.7 0.5620
920.8 0.5614
920.9 0.5604
921.0 0.5593
921.1 0.5583
921.2 0.5575
921.3 0.5568
921.4 0.5562
921.5 0.5559
921.6 0.5561
921.7 0.5566
921.8 0.5570
921.9 0.5570
922.0 0.5569
922.1 0.5570
922.2 0.5572
922.3 0.5574
922.4 0.5575
922.5 0.5574
922.6 0.5573
922.7 0.5571
922.8 0.5568
922.9 0.5565
923.0 0.5560
923.1 0.5555
923.2 0.5547
923.3 0.5535
923.4 0.5519
923.5 0.5505
923.6 0.5501
923.7 0.5499
923.8 0.5489
923.9 0.5470
924.0 0.5451
924.1 0.5443
924.2 0.5443
924.3 0.5443
924.4 0.5440
924.5 0.5438
924.6 0.5442
924.7 0.5450
924.8 0.5455
924.9 0.5457
925.0 0.5463
925.1 0.5475
925.2 0.5493
925.3 0.5511
925.4 0.5528
925.5 0.5543
925.6 0.5557
925.7 0.5567
925.8 0.5569
925.9 0.5567
926.0 0.5574
926.1 0.5596
926.2 0.5621
926.3 0.5633
926.4 0.5628
926.5 0.5619
926.6 0.5617
926.7 0.5618
926.8 0.5620
926.9 0.5617
927.0 0.5609
927.1 0.5594
927.2 0.5576
927.3 0.5562
927.4 0.5554
927.5 0.5549
927.6 0.5546
927.7 0.5544
927.8 0.5544
927.9 0.5544
928.0 0.5544
928.1 0.5543
928.2 0.5546
928.3 0.5557
928.4 0.5572
928.5 0.5586
928.6 0.5593
928.7 0.5594
928.8 0.5594
928.9 0.5595
929.0 0.5601
929.1 0.5613
929.2 0.5626
929.3 0.5635
929.4 0.5639
929.5 0.5639
929.6 0.5638
929.7 0.5639
929.8 0.5643
929.9 0.5650
930.0 0.5655
930.1 0.5656
930.2 0.5655
930.3 0.5654
930.4 0.5654
930.5 0.5655
930.6 0.5659
930.7 0.5664
930.8 0.5669
930.9 0.5673
931.0 0.5675
931.1 0.5677
931.2 0.5679
931.3 0.5683
931.4 0.5688
931.5 0.5690
931.6 0.5691
931.7 0.5694
931.8 0.5704
931.9 0.5718
932.0 0.5728
932.1 0.5733
932.2 0.5735
932.3 0.5737
932.4 0.5743
932.5 0.5757
932.6 0.5779
932.7 0.5799
932.8 0.5812
932.9 0.5821
933.0 0.5831
933.1 0.5844
933.2 0.5856
933.3 0.5862
933.4 0.5867
933.5 0.5876
933.6 0.5890
933.7 0.5901
933.8 0.5904
933.9 0.5902
934.0 0.5901
934.1 0.5902
934.2 0.5901
934.3 0.5896
934.4 0.5889
934.5 0.5883
934.6 0.5878
934.7 0.5876
934.8 0.5875
934.9 0.5876
935.0 0.5877
935.1 0.5879
935.2 0.5881
935.3 0.5884
935.4 0.5889
935.5 0.5896
935.6 0.5904
935.7 0.5912
935.8 0.5919
935.9 0.5927
936.0 0.5940
936.1 0.5958
936.2 0.5981
936.3 0.6005
936.4 0.6026
936.5 0.6041
936.6 0.6051
936.7 0.6059
936.8 0.6069
936.9 0.6083
937.0 0.6100
937.1 0.6120
937.2 0.6143
937.3 0.6167
937.4 0.6188
937.5 0.6204
937.6 0.6216
937.7 0.6226
937.8 0.6237
937.9 0.6246
938.0 0.6254
938.1 0.6260
938.2 0.6265
938.3 0.6269
938.4 0.6269
938.5 0.6264
938.6 0.6257
938.7 0.6252
938.8 0.6252
938.9 0.6253
939.0 0.6254
939.1 0.6254
939.2 0.6253
939.3 0.6253
939.4 0.6253
939.5 0.6255
939.6 0.6259
939.7 0.6267
939.8 0.6279
939.9 0.6293
940.0 0.6305
940.1 0.6315
940.2 0.6320
940.3 0.6322
940.4 0.6328
940.5 0.6345
940.6 0.6366
940.7 0.6379
940.8 0.6382
940.9 0.6379
941.0 0.6375
941.1 0.6371
941.2 0.6367
941.3 0.6363
941.4 0.6359
941.5 0.6354
941.6 0.6350
941.7 0.6348
941.8 0.6346
941.9 0.6344
942.0 0.6340
942.1 0.6341
942.2 0.6351
942.3 0.6367
942.4 0.6380
942.5 0.6383
942.6 0.6383
942.7 0.6388
942.8 0.6400
942.9 0.6411
943.0 0.6417
943.1 0.6419
943.2 0.6418
943.3 0.6416
943.4 0.6414
943.5 0.6415
943.6 0.6415
943.7 0.6412
943.8 0.6407
943.9 0.6404
944.0 0.6404
944.1 0.6404
944.2 0.6404
944.3 0.6403
944.4 0.6405
944.5 0.6411
944.6 0.6418
944.7 0.6422
944.8 0.6422
944.9 0.6418
945.0 0.6409
945.1 0.6402
945.2 0.6402
945.3 0.6403
945.4 0.6395
945.5 0.6374
945.6 0.6345
945.7 0.6313
945.8 0.6285
945.9 0.6270
946.0 0.6269
946.1 0.6269
946.2 0.6261
946.3 0.6245
946.4 0.6226
946.5 0.6205
946.6 0.6186
946.7 0.6171
946.8 0.6161
946.9 0.6157
947.0 0.6159
947.1 0.6163
947.2 0.6164
947.3 0.6168
947.4 0.6179
947.5 0.6197
947.6 0.6217
947.7 0.6236
947.8 0.6251
947.9 0.6264
948.0 0.6273
948.1 0.6278
948.2 0.6282
948.3 0.6285
948.4 0.6293
948.5 0.6304
948.6 0.6314
948.7 0.6317
948.8 0.6316
948.9 0.6311
949.0 0.6303
949.1 0.6293
949.2 0.6280
949.3 0.6265
949.4 0.6249
949.5 0.6231
949.6 0.6203
949.7 0.6164
949.8 0.6127
949.9 0.6109
950.0 0.6106
950.1 0.6101
950.2 0.6084
950.3 0.6063
950.4 0.6051
950.5 0.6050
950.6 0.6059
950.7 0.6073
950.8 0.6085
950.9 0.6088
951.0 0.6090
951.1 0.6108
951.2 0.6149
951.3 0.6190
951.4 0.6207
951.5 0.6206
951.6 0.6211
951.7 0.6235
951.8 0.6270
951.9 0.6302
952.0 0.6327
952.1 0.6342
952.2 0.6346
952.3 0.6344
952.4 0.6342
952.5 0.6340
952.6 0.6339
952.7 0.6337
952.8 0.6331
952.9 0.6317
953.0 0.6299
953.1 0.6284
953.2 0.6275
953.3 0.6267
953.4 0.6259
953.5 0.6248
953.6 0.6232
953.7 0.6213
953.8 0.6195
953.9 0.6181
954.0 0.6169
954.1 0.6158
954.2 0.6145
954.3 0.6129
954.4 0.6111
954.5 0.6092
954.6 0.6075
954.7 0.6062
954.8 0.6052
954.9 0.6046
955.0 0.6038
955.1 0.6025
955.2 0.6006
955.3 0.5987
955.4 0.5972
955.5 0.5961
955.6 0.5952
955.7 0.5944
955.8 0.5936
955.9 0.5929
956.0 0.5924
956.1 0.5919
956.2 0.5915
956.3 0.5911
956.4 0.5905
956.5 0.5901
956.6 0.5903
956.7 0.5908
956.8 0.5911
956.9 0.5909
957.0 0.5909
957.1 0.5918
957.2 0.5926
957.3 0.5913
957.4 0.5870
957.5 0.5822
957.6 0.5801
957.7 0.5802
957.8 0.5799
957.9 0.5776
958.0 0.5748
958.1 0.5730
958.2 0.5718
958.3 0.5693
958.4 0.5648
958.5 0.5600
958.6 0.5570
958.7 0.5550
958.8 0.5513
958.9 0.5452
959.0 0.5394
959.1 0.5365
959.2 0.5362
959.3 0.5362
959.4 0.5352
959.5 0.5326
959.6 0.5283
959.7 0.5233
959.8 0.5191
959.9 0.5162
960.0 0.5137
960.1 0.5106
960.2 0.5075
960.3 0.5058
960.4 0.5055
960.5 0.5049
960.6 0.5020
960.7 0.4970
960.8 0.4906
960.9 0.4838
961.0 0.4780
961.1 0.4742
961.2 0.4708
961.3 0.4653
961.4 0.4577
961.5 0.4512
961.6 0.4483
961.7 0.4471
961.8 0.4439
961.9 0.4375
962.0 0.4291
962.1 0.4202
962.2 0.4123
962.3 0.4069
962.4 0.4043
962.5 0.4030
962.6 0.4017
962.7 0.3997
962.8 0.3969
962.9 0.3935
963.0 0.3904
963.1 0.3882
963.2 0.3864
963.3 0.3840
963.4 0.3810
963.5 0.3782
963.6 0.3762
963.7 0.3745
963.8 0.3727
963.9 0.3707
964.0 0.3686
964.1 0.3668
964.2 0.3655
964.3 0.3651
964.4 0.3650
964.5 0.3639
964.6 0.3612
964.7 0.3581
964.8 0.3560
964.9 0.3550
965.0 0.3546
965.1 0.3543
965.2 0.3538
965.3 0.3533
965.4 0.3526
965.5 0.3521
965.6 0.3517
965.7 0.3516
965.8 0.3517
965.9 0.3518
966.0 0.3516
966.1 0.3509
966.2 0.3503
966.3 0.3500
966.4 0.3501
966.5 0.3502
966.6 0.3502
966.7 0.3501
966.8 0.3502
966.9 0.3501
967.0 0.3494
967.1 0.3479
967.2 0.3459
967.3 0.3435
967.4 0.3410
967.5 0.3387
967.6 0.3368
967.7 0.3353
967.8 0.3339
967.9 0.3322
968.0 0.3295
968.1 0.3259
968.2 0.3220
968.3 0.3183
968.4 0.3150
968.5 0.3123
968.6 0.3102
968.7 0.3090
968.8 0.3085
968.9 0.3074
969.0 0.3041
969.1 0.2985
969.2 0.2931
969.3 0.2896
969.4 0.2872
969.5 0.2842
969.6 0.2801
969.7 0.2763
969.8 0.2736
969.9 0.2721
970.0 0.2713
970.1 0.2709
970.2 0.2707
970.3 0.2705
970.4 0.2703
970.5 0.2700
970.6 0.2701
970.7 0.2712
970.8 0.2738
970.9 0.2771
971.0 0.2807
971.1 0.2839
971.2 0.2864
971.3 0.2884
971.4 0.2911
971.5 0.2960
971.6 0.3022
971.7 0.3067
971.8 0.3081
971.9 0.3082
972.0 0.3094
972.1 0.3117
972.2 0.3136
972.3 0.3140
972.4 0.3136
972.5 0.3133
972.6 0.3134
972.7 0.3134
972.8 0.3132
972.9 0.3126
973.0 0.3118
973.1 0.3107
973.2 0.3097
973.3 0.3088
973.4 0.3082
973.5 0.3077
973.6 0.3075
973.7 0.3074
973.8 0.3075
973.9 0.3081
974.0 0.3094
974.1 0.3110
974.2 0.3122
974.3 0.3127
974.4 0.3129
974.5 0.3132
974.6 0.3137
974.7 0.3140
974.8 0.3143
974.9 0.3152
975.0 0.3173
975.1 0.3201
975.2 0.3223
975.3 0.3235
975.4 0.3240
975.5 0.3240
975.6 0.3239
975.7 0.3241
975.8 0.3243
975.9 0.3241
976.0 0.3228
976.1 0.3210
976.2 0.3193
976.3 0.3183
976.4 0.3175
976.5 0.3168
976.6 0.3163
976.7 0.3158
976.8 0.3154
976.9 0.3144
977.0 0.3127
977.1 0.3105
977.2 0.3083
977.3 0.3065
977.4 0.3054
977.5 0.3050
977.6 0.3050
977.7 0.3046
977.8 0.3040
977.9 0.3033
978.0 0.3030
978.1 0.3029
978.2 0.3028
978.3 0.3025
978.4 0.3018
978.5 0.3007
978.6 0.2996
978.7 0.2992
978.8 0.2991
978.9 0.2988
979.0 0.2976
979.1 0.2956
979.2 0.2933
979.3 0.2911
979.4 0.2896
979.5 0.2892
979.6 0.2887
979.7 0.2868
979.8 0.2838
979.9 0.2807
980.0 0.2783
980.1 0.2757
980.2 0.2719
980.3 0.2677
980.4 0.2647
980.5 0.2635
980.6 0.2626
980.7 0.2602
980.8 0.2562
980.9 0.2513
981.0 0.2463
981.1 0.2425
981.2 0.2409
981.3 0.2407
981.4 0.2402
981.5 0.2381
981.6 0.2344
981.7 0.2293
981.8 0.2241
981.9 0.2205
982.0 0.2190
982.1 0.2179
982.2 0.2158
982.3 0.2132
982.4 0.2113
982.5 0.2105
982.6 0.2095
982.7 0.2074
982.8 0.2049
982.9 0.2033
983.0 0.2030
983.1 0.2032
983.2 0.2032
983.3 0.2029
983.4 0.2026
983.5 0.2024
983.6 0.2022
983.7 0.2021
983.8 0.2021
983.9 0.2024
984.0 0.2028
984.1 0.2032
984.2 0.2035
984.3 0.2037
984.4 0.2039
984.5 0.2043
984.6 0.2053
984.7 0.2068
984.8 0.2083
984.9 0.2091
985.0 0.2091
985.1 0.2088
985.2 0.2083
985.3 0.2072
985.4 0.2047
985.5 0.2015
985.6 0.1991
985.7 0.1985
985.8 0.1985
985.9 0.1973
986.0 0.1947
986.1 0.1913
986.2 0.1875
986.3 0.1836
986.4 0.1797
986.5 0.1763
986.6 0.1744
986.7 0.1740
986.8 0.1724
986.9 0.1669
987.0 0.1588
987.1 0.1520
987.2 0.1490
987.3 0.1481
987.4 0.1473
987.5 0.1462
987.6 0.1452
987.7 0.1447
987.8 0.1438
987.9 0.1418
988.0 0.1393
988.1 0.1376
988.2 0.1372
988.3 0.1377
988.4 0.1382
988.5 0.1386
988.6 0.1389
988.7 0.1393
988.8 0.1397
988.9 0.1404
989.0 0.1414
989.1 0.1429
989.2 0.1446
989.3 0.1466
989.4 0.1484
989.5 0.1500
989.6 0.1513
989.7 0.1524
989.8 0.1533
989.9 0.1543
990.0 0.1553
990.1 0.1564
990.2 0.1577
990.3 0.1593
990.4 0.1614
990.5 0.1635
990.6 0.1650
990.7 0.1660
990.8 0.1669
990.9 0.1685
991.0 0.1702
991.1 0.1715
991.2 0.1723
991.3 0.1730
991.4 0.1743
991.5 0.1761
991.6 0.1781
991.7 0.1801
991.8 0.1816
991.9 0.1823
992.0 0.1826
992.1 0.1827
992.2 0.1829
992.3 0.1831
992.4 0.1833
992.5 0.1835
992.6 0.1838
992.7 0.1840
992.8 0.1841
992.9 0.1840
993.0 0.1837
993.1 0.1836
993.2 0.1835
993.3 0.1831
993.4 0.1821
993.5 0.1813
993.6 0.1811
993.7 0.1813
993.8 0.1810
993.9 0.1798
994.0 0.1782
994.1 0.1766
994.2 0.1754
994.3 0.1744
994.4 0.1734
994.5 0.1727
994.6 0.1723
994.7 0.1719
994.8 0.1707
994.9 0.1687
995.0 0.1668
995.1 0.1663
995.2 0.1667
995.3 0.1670
995.4 0.1669
995.5 0.1673
995.6 0.1689
995.7 0.1711
995.8 0.1722
995.9 0.1718
996.0 0.1718
996.1 0.1740
996.2 0.1779
996.3 0.1817
996.4 0.1847
996.5 0.1872
996.6 0.1897
996.7 0.1918
996.8 0.1930
996.9 0.1933
997.0 0.1936
997.1 0.1947
997.2 0.1961
997.3 0.1968
997.4 0.1965
997.5 0.1958
997.6 0.1953
997.7 0.1949
997.8 0.1945
997.9 0.1938
998.0 0.1932
998.1 0.1929
998.2 0.1929
998.3 0.1935
998.4 0.1947
998.5 0.1966
998.6 0.1991
998.7 0.2016
998.8 0.2035
998.9 0.2045
999.0 0.2048
999.1 0.2047
999.2 0.2049
999.3 0.2060
999.4 0.2080
999.5 0.2104
999.6 0.2126
999.7 0.2143
999.8 0.2151
999.9 0.2151
