wavelength fwhm
320.9482666 0.008189
320.9766602 0.028480
321.0760254 0.006037
321.1751953 0.010430
321.1979492 0.008224
321.2183350 0.008888
321.3602539 0.008085
321.3808350 0.006839
321.4034668 0.007389
321.5884766 0.009007
321.6075439 0.008558
321.6311768 0.008306
321.8574707 0.008205
321.8639648 0.007580
321.8789795 0.006666
321.9034912 0.007467
322.1721680 0.006484
322.1894287 0.022242
322.2201660 0.012817
322.9870605 0.006376
323.6304688 0.006130
323.6502441 0.006167
323.8817139 0.008497
325.8510010 0.010859
325.8725098 0.006627
325.8867920 0.007877
326.0351807 0.005063
326.0523682 0.008611
326.0972412 0.006599
326.2267578 0.006450
326.2473877 0.006039
326.2695312 0.010661
326.4966064 0.008025
326.5161621 0.010722
326.5382080 0.006274
326.7065186 0.008665
326.8623047 0.007256
327.1892090 0.026941
327.6115234 0.008254
327.6334717 0.008251
328.0883545 0.005722
328.1001221 0.004804
328.1135498 0.012790
328.1398438 0.022750
328.1595459 0.010519
328.1798828 0.006102
328.5747803 0.008648
328.6704834 0.010762
328.6945068 0.006744
328.7174561 0.005979
328.8578613 0.007843
328.8816650 0.007740
328.9028564 0.006482
329.0877930 0.006651
329.2840576 0.003320
329.3126709 0.005909
329.5237793 0.012075
329.5456055 0.008522
329.5656006 0.008916
329.7191650 0.009450
329.7632080 0.011310
329.9614258 0.009700
330.0062012 0.009075
330.2520020 0.029693
330.2701660 0.008478
330.2960449 0.007356
330.5855225 0.009217
330.6077393 0.006780
330.6343750 0.007749
330.9683838 0.006699
330.9917480 0.007324
331.0162598 0.010264
331.0420654 0.008744
331.0859375 0.005723
331.1440430 0.006130
331.3075684 0.007156
331.3285645 0.018301
331.4001709 0.008588
331.4117188 0.004743
331.9086426 0.009415
332.3848389 0.009354
332.6527100 0.008554
332.8136230 0.010478
332.8811279 0.004993
333.0150879 0.007002
333.0611084 0.012598
333.3154053 0.008399
333.4815430 0.008590
333.5888916 0.007022
336.8497803 0.007374
336.8895996 0.012574
336.9061279 0.006584
336.9464355 0.011530
337.0113037 0.011222
337.0354492 0.006077
337.0567383 0.007945
337.2065674 0.008420
337.2335449 0.009728
337.2541260 0.008751
337.3191650 0.010624
337.3586670 0.006057
337.4507080 0.010457
337.4750977 0.005830
337.4965088 0.010237
337.5944092 0.011475
337.6392822 0.013699
337.7408936 0.011635
337.7465088 0.009760
337.7614990 0.008088
337.7895264 0.010936
337.7996826 0.004763
337.9753662 0.007867
338.0752441 0.003023
338.0856445 0.009030
338.0991943 0.007407
338.1263184 0.010927
338.1702148 0.008038
338.1850830 0.006249
338.3766602 0.007537
338.4594971 0.009111
338.4741699 0.000503
338.5121094 0.009317
338.5463867 0.011896
342.0329834 0.009246
342.0805176 0.007637
342.3204590 0.006924
342.3692139 0.007197
343.0617188 0.009545
343.1105957 0.008107
343.4593506 0.008027
343.5323486 0.008412
343.5661621 0.032308
344.9851318 0.007781
345.0666992 0.005484
345.1287109 0.007298
345.1521729 0.008469
345.1713867 0.009363
345.2739746 0.012811
345.3003662 0.006645
345.3239502 0.008590
345.4465332 0.015755
345.4727539 0.007025
345.4960938 0.008819
345.5222656 0.009610
345.6088623 0.004236
345.6967529 0.008524
345.7173828 0.013853
345.7407959 0.008919
345.7681152 0.008040
346.0102783 0.021758
346.0338135 0.011770
346.0612549 0.008721
346.4042236 0.009625
347.7959717 0.006960
347.8267090 0.011125
347.8738281 0.009019
347.9029297 0.014327
347.9356934 0.011089
347.9606689 0.009977
347.9959717 0.004374
348.0156982 0.010278
348.0402344 0.007579
348.0583008 0.007958
348.0752197 0.008937
348.1010010 0.011028
348.1140137 0.012306
348.1373779 0.010549
348.2214600 0.010337
348.2462891 0.014851
348.2709961 0.013533
348.2910400 0.008643
348.3487549 0.008980
348.3780273 0.010440
348.4700195 0.007960
348.4941895 0.009463
348.5199463 0.010277
348.6540283 0.005961
348.6847656 0.009676
348.7516113 0.010698
348.7750488 0.008084
348.8015137 0.009868
348.8293213 0.012688
348.8616211 0.008566
349.0579590 0.007487
349.1382568 0.011510
349.2676025 0.007146
349.4949951 0.018923
349.7387451 0.010690
349.9774170 0.006639
350.2357422 0.006714
350.2761963 0.008024
350.4805908 0.007402
350.5317627 0.009890
350.5722168 0.009238
350.8916748 0.006056
350.9850586 0.007852
351.2122314 0.009969
351.2964600 0.004689
351.7211670 0.005747
352.0845947 0.004277
354.0897461 0.007431
354.2422607 0.007817
354.2861328 0.008580
354.4206299 0.008763
354.4609863 0.009634
354.5145020 0.005768
354.5545898 0.004791
354.6212158 0.009041
354.6674072 0.008760
354.7213135 0.007561
354.7943848 0.010991
354.8841064 0.005695
354.9362549 0.011797
355.0383301 0.009471
355.0932617 0.011295
355.2675537 0.006972
355.3179688 0.006324
355.3971680 0.010885
355.4374023 0.006497
355.4587158 0.010789
355.4774170 0.006252
355.5128906 0.011851
355.5584717 0.010621
355.5884766 0.008723
355.6082275 0.010097
355.6664551 0.008811
355.6884033 0.010684
355.7842041 0.008402
355.8112305 0.007445
355.8358643 0.011615
355.8905029 0.006633
356.0644775 0.010329
356.0890869 0.007479
356.1156006 0.009837
356.1300781 0.008442
356.1571289 0.008827
356.3158203 0.006949
356.3921143 0.035384
356.4203857 0.015983
356.4497070 0.008056
356.6593262 0.009993
356.7823242 0.013283
356.7915771 0.006155
356.8371826 0.010777
357.7780273 0.008800
358.2742676 0.009339
361.5350830 0.008132
361.5615723 0.008072
361.6042480 0.008921
361.6624023 0.007016
361.7073242 0.008434
361.7359131 0.008867
361.7855469 0.010867
361.8259277 0.008719
361.8798828 0.010377
361.9315674 0.009096
361.9893555 0.009403
362.0534912 0.008034
362.1162842 0.007337
362.1909668 0.007502
362.2581787 0.006588
362.3438232 0.006289
362.4164307 0.008320
362.5131104 0.000436
362.5901123 0.007273
362.7806396 0.010519
362.9010986 0.007823
362.9859619 0.016795
363.2085693 0.009730
363.2305176 0.007653
363.3368408 0.006819
363.3936768 0.009921
363.4470459 0.009259
363.5518066 0.010034
363.6059326 0.008373
363.7010742 0.009349
363.8173828 0.011205
363.8416504 0.006446
363.8701660 0.009293
363.9719727 0.007379
364.0508057 0.007540
364.1270996 0.010479
364.1531982 0.008667
364.1852783 0.008696
364.2589355 0.007583
364.3275391 0.011895
364.5497559 0.006883
364.5632812 0.009203
364.9052246 0.006287
364.9333984 0.007558
364.9670898 0.006457
366.4797119 0.009904
366.8099854 0.007012
366.9813721 0.009385
367.3405273 0.006644
367.6075439 0.012761
369.7850586 0.007307
369.8104492 0.007224
369.8498291 0.012351
369.9080811 0.005800
369.9614746 0.013999
369.9812256 0.008351
370.0409668 0.010038
370.0689453 0.008332
370.1367676 0.008322
370.1727783 0.010193
370.2458008 0.007769
370.2932617 0.007013
370.3725342 0.009831
370.4284424 0.012171
370.5152832 0.008714
370.5810059 0.005563
370.6727295 0.008702
370.7495117 0.009923
370.8470215 0.009446
370.9337402 0.007826
371.0380371 0.007101
371.1167236 0.008073
371.1347412 0.008217
371.4679443 0.010212
371.7041748 0.008323
371.9601318 0.006589
372.2327393 0.008935
372.8262207 0.010882
373.1359375 0.010610
373.1643799 0.009766
373.3150635 0.007641
373.3580811 0.007580
373.4018311 0.010236
373.4212158 0.023125
373.4536377 0.011223
373.4811279 0.009215
373.5051270 0.007347
373.5710938 0.007264
373.6367432 0.006374
373.6984375 0.015566
373.7623291 0.010159
373.7804932 0.014413
373.8087891 0.008557
373.8523682 0.015377
373.8825195 0.010355
373.9098389 0.019422
373.9310303 0.011774
373.9613281 0.018739
373.9777100 0.008633
373.9886475 0.004843
374.1070801 0.011279
374.1628906 0.007539
374.3527344 0.017846
374.3796875 0.010755
374.4058838 0.011257
374.6500977 0.012549
374.6779541 0.008830
374.7068848 0.007468
375.0347168 0.013565
375.0661865 0.006831
375.4195557 0.007245
375.4495361 0.008059
375.4834717 0.010048
375.7794434 0.008266
375.8221680 0.009349
375.8943115 0.008992
375.9093262 0.004973
375.9233154 0.009157
375.9577881 0.008249
376.4253174 0.008727
377.5217041 0.005528
377.7587646 0.006716
377.8167725 0.012632
378.0536621 0.005382
378.0927490 0.009456
378.1496826 0.009121
378.3906982 0.010275
378.5459229 0.009165
378.6961914 0.012257
379.0071533 0.007797
379.0701172 0.008299
379.1259521 0.013535
379.1963623 0.015308
379.4464844 0.006270
379.4734131 0.009004
379.5065674 0.008857
379.5361084 0.013668
379.6420410 0.010390
379.7462646 0.007702
379.9055664 0.009166
374.7069092 0.010690
375.0096680 0.008854
375.0343750 0.008728
375.0651855 0.016169
375.4214111 0.003560
375.4830811 0.010383
375.8229736 0.009256
375.8943115 0.007889
375.9581787 0.008859
376.4270264 0.016675
376.4943604 0.009079
376.5929199 0.008870
377.0201172 0.009824
377.0395996 0.006869
377.0560547 0.010000
377.2315918 0.007014
377.2966309 0.007545
377.3428467 0.012035
377.4939697 0.034643
377.5232910 0.014439
377.5482422 0.007337
377.7616211 0.010372
377.8187988 0.010687
378.0934082 0.007028
378.1213867 0.013531
378.1503906 0.011565
378.4879639 0.030294
378.5463379 0.006946
379.0072021 0.011604
379.1257812 0.007399
379.1963867 0.018466
379.2546875 0.004254
379.2851562 0.008647
379.4751465 0.008340
379.5082031 0.014293
379.5374756 0.014195
379.6432861 0.010077
379.7340576 0.002967
379.7473877 0.007610
379.7947998 0.008581
379.9087891 0.010344
379.9643799 0.007341
380.0818848 0.009019
380.1497070 0.006847
380.9482422 0.010592
381.2692139 0.008363
381.3425537 0.009730
381.4061523 0.011634
381.4835938 0.016093
381.5439941 0.010068
381.5809570 0.031448
381.6458252 0.008018
381.6958496 0.020561
381.7759521 0.002146
381.8249268 0.006991
381.9002686 0.007602
381.9687256 0.014733
382.0513428 0.006987
382.0802734 0.012210
382.1369873 0.008576
382.1662354 0.006689
382.2060303 0.008186
382.2239990 0.008687
382.2567383 0.019358
382.3215332 0.010333
382.4119141 0.007098
382.4279297 0.006478
382.5201172 0.009270
382.6181885 0.011191
382.6636963 0.006320
382.7035400 0.012556
382.7386230 0.012094
382.8408936 0.007477
382.8567627 0.005829
382.9128906 0.008252
382.9550293 0.007066
383.0143799 0.007151
383.0319580 0.010208
383.0630615 0.010032
383.0830322 0.009529
383.0980957 0.013434
383.1246582 0.016400
383.2103027 0.015821
383.2434814 0.008405
383.2691650 0.010060
383.2913574 0.017293
383.3382812 0.008056
383.3543945 0.009537
383.4534912 0.009570
383.5104492 0.009951
383.7510986 0.014646
383.7809082 0.017154
383.8113525 0.010579
383.9083984 0.008922
384.1370361 0.007225
384.1697998 0.009005
384.2160645 0.009504
384.5199463 0.006326
384.5344238 0.005091
384.5504639 0.009707
384.5896240 0.019185
384.7198730 0.011338
384.7514893 0.015471
384.8172852 0.008745
384.8929443 0.013054
384.9927246 0.007792
385.0109863 0.004860
385.0264160 0.009747
385.0609131 0.012358
385.0880371 0.009404
385.2553955 0.000183
385.4150146 0.005219
385.5250000 0.011317
385.5954102 0.011061
386.4605713 0.009464
386.5188965 0.011096
387.5606934 0.012503
388.2912109 0.010456
388.8641357 0.015000
389.0065674 0.009897
390.4575195 0.011825
390.4836914 0.011957
390.5289795 0.011508
390.5867432 0.007732
390.6521729 0.033964
390.6654785 0.009350
390.7372559 0.005821
390.7605469 0.009461
390.8385498 0.011062
390.8735596 0.008744
390.9606445 0.014044
391.0029297 0.007697
391.0951172 0.009326
391.1472656 0.008828
391.2484619 0.010342
391.3690674 0.009522
391.4192139 0.008277
391.4695312 0.010371
391.4945068 0.011294
391.6084473 0.009627
391.6921875 0.009618
391.8140869 0.011586
391.8462158 0.006841
391.9079346 0.011947
392.0378418 0.009409
392.1118164 0.010171
392.1403564 0.008694
392.2787354 0.009425
392.3596436 0.007331
392.3904053 0.016547
392.5372070 0.009823
392.6265869 0.015235
392.6611084 0.009343
392.7834961 0.008898
392.8139648 0.007485
392.9097656 0.005934
392.9467285 0.007726
393.1082520 0.009300
393.2519531 0.005212
393.7495361 0.006498
393.9532471 0.009360
393.9837158 0.010878
394.0510498 0.002806
394.0972412 0.010460
394.1169189 0.009298
394.1731445 0.013493
394.2847900 0.028034
394.3522949 0.013372
394.5213135 0.010264
394.5511475 0.008152
394.5633057 0.003616
394.5860840 0.009741
394.8075439 0.015041
394.8407227 0.016384
394.8730713 0.009828
395.1271240 0.016490
395.1542236 0.043575
395.1811523 0.010208
395.2181396 0.010681
395.3427734 0.003289
395.3956299 0.007977
395.5444580 0.008685
395.5595459 0.006173
395.5788574 0.008970
395.6175293 0.010650
395.6702881 0.008279
395.9615479 0.004340
395.9780273 0.004944
396.0137451 0.005223
396.0335938 0.008918
396.0732666 0.021405
396.1590088 0.009575
397.3923340 0.012419
397.4358154 0.018921
397.4850586 0.006795
397.7480713 0.017541
397.7852783 0.028605
397.8110840 0.011799
398.0380859 0.008035
398.0728516 0.006739
398.1008789 0.012605
398.1434082 0.011276
398.3957764 0.009654
398.4280273 0.006717
398.4596436 0.010260
398.8212402 0.008760
398.8293945 0.007353
398.8548828 0.010710
398.8884766 0.012750
398.9816406 0.006574
399.3189209 0.015842
399.3512939 0.017893
399.3869141 0.012613
399.9093750 0.010802
399.9544434 0.018841
400.7512207 0.007217
400.7763916 0.011269
400.8188721 0.009837
400.8795898 0.011155
400.9380859 0.034005
400.9539551 0.012375
401.0437988 0.022952
401.1434814 0.010634
401.1607178 0.008601
401.2626709 0.008683
401.2903076 0.007651
401.4023682 0.012015
401.4336426 0.013675
401.5573730 0.008632
401.5997070 0.010943
401.6594482 0.010785
401.7301758 0.009072
401.7803467 0.007401
401.9209717 0.007321
401.9801025 0.011831
402.0232178 0.005640
402.0505859 0.010205
402.1301514 0.010423
402.1966797 0.007907
402.3541260 0.008834
402.4311035 0.009046
402.4502441 0.008280
402.4825928 0.007139
402.5983887 0.008123
402.6829102 0.006133
402.8588379 0.013085
402.8865234 0.007177
402.9063477 0.002278
402.9729980 0.009929
403.1384521 0.007793
403.2644531 0.006407
404.3153809 0.007267
404.3380127 0.012957
404.4032227 0.007868
404.4375977 0.007031
404.4704346 0.011435
404.5373047 0.009453
404.7327637 0.008907
404.7661621 0.009354
404.7985840 0.015565
405.0380859 0.011603
405.0546875 0.036536
405.0876953 0.010583
405.1225342 0.008794
405.4381836 0.009200
405.4498291 0.008926
405.4711426 0.009095
405.5090088 0.011347
405.7703857 0.010501
405.8888184 0.044662
405.8990967 0.007481
405.9593750 0.013673
406.0822754 0.004730
406.1475342 0.009095
406.1825439 0.007746
406.1961914 0.009620
406.2660156 0.019559
406.2893066 0.009691
406.3239990 0.008875
406.3471680 0.008450
406.4701172 0.011501
406.4978271 0.014929
406.5629639 0.009614
406.5838379 0.008344
406.6013428 0.011269
406.6857178 0.003341
406.7814453 0.006684
406.8166504 0.013590
406.8483398 0.011266
406.9334961 0.007902
407.6090576 0.002658
407.6225342 0.012730
407.8398438 0.007337
407.9617432 0.037093
407.9824463 0.006148
408.0378174 0.009499
408.0522949 0.005907
408.1054443 0.037236
408.1505859 0.011505
408.2562012 0.007859
408.3143066 0.011599
408.4085693 0.013236
408.4375000 0.010084
408.4969727 0.009005
408.5637939 0.009437
408.5945557 0.007896
408.6342529 0.011127
408.6693115 0.013251
408.7009277 0.008740
408.8590576 0.006681
408.9260986 0.007469
408.9646484 0.002961
409.1021729 0.008151
409.1194824 0.006340
409.1703125 0.011837
409.2210449 0.008622
409.2954834 0.011563
409.3303223 0.010289
409.3662109 0.012778
409.4373535 0.011634
409.6280762 0.010800
409.6500977 0.014254
409.6989258 0.011848
409.7261230 0.009090
409.7537598 0.012668
409.7868164 0.021949
409.8999023 0.009252
409.9219238 0.009644
409.9552246 0.010228
410.0350586 0.008123
410.0632324 0.013027
410.0985352 0.008455
410.1347656 0.015122
410.1721680 0.014275
410.3643066 0.023818
410.3978027 0.011418
410.7170898 0.018715
410.7549316 0.011384
410.9174805 0.008511
410.9441895 0.014121
411.3959961 0.008656
411.4526855 0.009560
412.0810547 0.010150
412.2313477 0.007961
412.2943359 0.012257
412.5292480 0.012823
412.6367676 0.008814
412.8052246 0.010660
413.0528320 0.011716
413.0796387 0.008901
413.2678711 0.006234
413.4346680 0.014140
413.4602051 0.012299
413.6276855 0.009584
413.6769043 0.013454
413.8236328 0.017650
413.8486328 0.006173
413.8710938 0.010701
413.9918457 0.010228
414.5475586 0.012828
415.5401367 0.012138
415.5684570 0.012334
415.6539551 0.009438
415.6842285 0.024129
415.8131348 0.011519
415.8515137 0.009482
415.8832520 0.009807
416.0750488 0.011123
416.1116211 0.010073
416.1468262 0.011174
416.3990234 0.015223
416.4060547 0.015457
416.4386230 0.015425
416.4726074 0.010152
416.4987305 0.014725
416.5707031 0.009317
416.6647461 0.010556
416.6914062 0.009317
416.7286133 0.009427
416.7825195 0.010759
416.8219727 0.013543
416.8573242 0.022079
416.9133301 0.015796
416.9745117 0.013895
416.9876953 0.012701
417.1061523 0.009533
417.1476562 0.019786
417.1692383 0.006130
417.2340820 0.014080
417.2687012 0.011108
417.2996094 0.007066
417.3132812 0.016879
417.3311523 0.010954
417.4779785 0.009750
417.5332031 0.007238
417.5500000 0.009780
417.6553711 0.005991
417.6769531 0.012921
417.7526367 0.013446
417.7884766 0.020491
417.8270020 0.010365
417.8612305 0.004733
417.9180176 0.026371
418.2348633 0.012567
418.2604004 0.009430
418.4104004 0.026086
418.4288086 0.008896
418.5413574 0.008665
418.5821289 0.017964
418.6635254 0.014877
418.8497070 0.007821
418.9300781 0.009382
418.9683594 0.008853
419.4610352 0.010294
420.0871094 0.011952
420.3655273 0.009310
420.4536133 0.006246
420.6917969 0.012609
420.8079102 0.008487
421.6260254 0.010143
422.5416016 0.012131
423.5557129 0.011297
424.6716309 0.009912
424.6972656 0.015121
424.7435547 0.009060
424.8084473 0.019193
424.8920410 0.010059
424.9895508 0.007401
425.1114746 0.023480
425.2289551 0.009557
425.3831543 0.010135
425.4099121 0.010327
427.2134277 0.013370
427.9352051 0.011493
427.9735840 0.016602
428.4189941 0.019030
428.5030273 0.009629
428.6463379 0.009507
429.1321289 0.010281
429.7385742 0.008023
429.8506348 0.010515
430.3517090 0.022654
431.0277344 0.010961
431.1460449 0.011269
431.2232910 0.008031
431.4054688 0.016965
431.4817383 0.007372
431.5856445 0.010813
431.7204102 0.013940
431.7574707 0.008128
431.7997559 0.010916
431.8416504 0.013779
432.1358887 0.013363
432.1803711 0.014207
432.5981445 0.006826
434.0442383 0.024779
436.8249512 0.010890
438.3184082 0.013733
438.4925781 0.010996
439.1229004 0.010198
440.0255859 0.012104
440.1774414 0.032000
440.2352051 0.018065
440.3821289 0.011980
440.4828125 0.011597
440.5220215 0.009496
440.5374512 0.010113
440.5682617 0.010400
440.6069336 0.015733
440.6319336 0.008987
440.6739258 0.009253
440.6994141 0.012915
440.8080078 0.011161
440.8521973 0.015437
440.8879395 0.012713
440.9001953 0.012559
440.9349609 0.008349
441.1616211 0.015718
441.2025879 0.010888
441.2412598 0.009779
441.5452637 0.013120
441.5810059 0.014961
441.6203613 0.010853
442.0730957 0.017206
442.0811523 0.009499
442.2815430 0.010014
442.5991699 0.009026
443.2917480 0.008953
443.6016602 0.010552
444.5361328 0.012045
444.5589355 0.010741
444.6437012 0.017854
445.5632812 0.014348
445.8077637 0.011412
446.2764160 0.004553
446.7562988 0.007859
447.4900879 0.014112
448.4923340 0.010039
450.7689941 0.007475
452.8583496 0.008749
453.0512207 0.011224
453.0809082 0.016826
453.5112793 0.011437
453.5937012 0.012052
453.6170410 0.010939
453.6342285 0.010617
453.7088379 0.010978
453.8531250 0.013085
453.9291504 0.007970
453.9424316 0.008022
454.0146484 0.004975
454.1706055 0.013910
454.3243164 0.009817
454.3950195 0.007725
454.4342773 0.008012
455.3117188 0.042495
455.3610840 0.014659
456.4904785 0.014566
456.7954590 0.011152
457.6920898 0.009482
457.9720215 0.009754
458.0145996 0.012213
458.0427246 0.008296
458.1206055 0.008587
458.2471680 0.016196
458.2926758 0.008033
458.3318848 0.016976
458.5252441 0.008846
458.5696777 0.005770
458.6159668 0.009310
458.6933594 0.014300
458.9628906 0.015801
465.9597656 0.012567
466.0773438 0.010660
466.2054199 0.014027
466.2232422 0.009165
466.7342773 0.011500
466.7770996 0.012524
466.9002441 0.009099
466.9574707 0.011996
467.1997559 0.014060
467.2225586 0.014691
467.2576660 0.016669
467.4675293 0.011778
467.5020508 0.024190
467.5371582 0.009291
467.5757812 0.017397
467.8310059 0.009012
468.0696289 0.011080
468.1188965 0.005404
468.1588867 0.024251
471.1091797 0.011545
471.9392578 0.013139
481.1613770 0.004726
481.2447754 0.008493
481.8928711 0.010953
482.0578613 0.023124
482.1514160 0.017055
482.3903809 0.011890
482.4842285 0.012026
482.8053223 0.015302
482.8978027 0.015507
484.2511230 0.017831
484.7432129 0.007988
484.7898438 0.020032
486.1320312 0.014481
488.2649902 0.027405
488.3073730 0.012213
490.5089355 0.011354
491.0154297 0.013597
491.8405762 0.011606
493.1414551 0.008334
493.1870605 0.009481
493.6413574 0.011065
493.7806152 0.015714
494.7905273 0.011650
495.3348145 0.016667
495.3484863 0.011213
496.3242676 0.012236
496.6492676 0.012694
497.5405273 0.009748
497.7544922 0.010902
499.2328125 0.008847
499.5575195 0.009809
499.5954102 0.015490
500.4435059 0.012239
507.8846191 0.011002
509.1015625 0.010095
518.7403320 0.011098
518.7756348 0.012089
518.9260254 0.018323
518.9497559 0.011650
519.7928223 0.012188
520.0285645 0.012109
520.2979004 0.012004
520.8793457 0.013726
521.7390625 0.015009
522.4145020 0.012905
523.2152832 0.012994
523.8751953 0.016292
524.9880371 0.014466
525.4274902 0.010155
525.6045410 0.017498
525.6132812 0.019905
525.6776855 0.013048
526.1204590 0.026071
527.5073242 0.013161
527.6143066 0.011252
527.6354980 0.012556
529.4045410 0.013484
529.8500977 0.013959
529.9159668 0.012455
529.9457520 0.011044
530.6588379 0.016686
531.1780273 0.019448
531.3241699 0.018451
532.0495117 0.017666
532.4442871 0.015360
532.5169434 0.008139
532.5509277 0.012836
532.9681152 0.011188
533.0422363 0.066442
533.0729004 0.016931
534.4772461 0.015137
534.9925293 0.012684
535.0148438 0.010150
535.4181152 0.011900
535.4644043 0.011891
550.2400391 0.011256
554.2235840 0.013318
554.3445801 0.013495
554.4592285 0.013032
554.4894531 0.013868
554.9343262 0.013380
556.2966309 0.017894
556.4000977 0.012482
556.9531250 0.016334
557.7346680 0.012675
558.1218750 0.014389
558.9136230 0.014000
559.7793945 0.013604
560.5147461 0.018758
561.7170898 0.012908
562.3783203 0.019080
562.3899414 0.015797
563.9303711 0.016374
564.5167969 0.012962
564.5399902 0.016420
566.4195801 0.043137
566.9388184 0.015908
566.9686035 0.011386
569.6494629 0.017729
569.6851562 0.014096
586.5467285 0.014478
586.6003906 0.015854
586.7267578 0.013551
586.7552246 0.014280
586.8313477 0.015384
586.9278320 0.014017
586.9481934 0.017694
587.2735840 0.015222
587.4937012 0.008310
587.5389160 0.014700
588.7135254 0.019205
588.8192383 0.014000
588.9958984 0.015177
589.4471680 0.019369
589.5932129 0.014989
590.3370605 0.016272
590.3577148 0.012108
590.6705078 0.015692
591.5307617 0.015294
592.4729492 0.015457
593.2864258 0.020016
594.5936035 0.014984
595.3358887 0.019313
595.3489746 0.020538
597.0282227 0.015415
597.6961914 0.014098
597.7207031 0.014686
599.7765137 0.019526
600.3750977 0.015043
600.4085938 0.015144
602.8375488 0.025661
602.8508789 0.012911
603.3790527 0.012570
603.4219238 0.015698
606.7156738 0.012545
606.7683105 0.015927
609.9458496 0.017931
609.9769531 0.014785
610.3931152 0.012880
610.4584961 0.014131
613.6550781 0.006814
613.6779785 0.017268
613.8984863 0.025236
613.9466797 0.015942
614.0093750 0.005836
614.0554199 0.004278
614.3379883 0.015975
614.4481934 0.015921
615.0938965 0.015667
615.5987793 0.015784
615.6773926 0.015000
615.8188965 0.018358
616.9536133 0.022738
617.0645996 0.014680
617.6294922 0.024808
618.4309570 0.048889
619.2943848 0.018226
620.2728027 0.016991
621.3067383 0.015468
622.1775879 0.023579
623.4304199 0.014529
623.5683594 0.015259
623.5965332 0.016089
623.6994141 0.016611
623.7419434 0.015276
624.0240723 0.020648
624.1698730 0.014643
624.3564941 0.018494
624.3728027 0.026123
624.7367188 0.023053
624.8020508 0.018754
625.6950195 0.019743
625.7970215 0.015230
625.9189453 0.026827
626.1754883 0.017968
626.2747070 0.033695
626.2845215 0.017103
626.5223145 0.019235
626.8279297 0.013562
626.8539551 0.015858
627.8096191 0.016850
628.7442871 0.015845
628.9047852 0.014428
628.9437988 0.018430
629.0354980 0.012492
629.5915527 0.013271
629.6294922 0.014056
629.7911621 0.016350
630.0308594 0.016251
630.1281738 0.066368
630.6933594 0.021925
630.8556641 0.018854
632.1408691 0.015375
632.9784180 0.020843
632.9927734 0.024268
634.2868652 0.012475
634.3240723 0.013097
634.8544922 0.015350
635.6184570 0.016166
635.6452637 0.015918
636.1302246 0.018836
636.3782715 0.016414
637.9321777 0.019274
638.6250488 0.015254
638.6623047 0.015060
641.3773438 0.025715
641.3889160 0.024279
642.0075684 0.014545
642.0560059 0.016134
642.5752441 0.009413
645.1952637 0.011193
645.2230957 0.014983
645.5992676 0.016587
645.7741211 0.014569
645.8345703 0.019146
646.3529785 0.016979
646.3800781 0.017668
646.4895996 0.015159
646.5946777 0.018270
646.6924805 0.014069
647.0152832 0.015962
647.0984863 0.016515
647.7921387 0.015796
649.4120117 0.012717
649.4416992 0.014546
649.7531250 0.022079
649.8736816 0.015740
649.9395508 0.020182
650.0132324 0.014072
650.2609375 0.017223
650.2720703 0.025915
650.4999023 0.025125
651.3854492 0.015143
651.4151367 0.015409
652.2432617 0.016621
653.3049805 0.017338
654.0281250 0.012678
654.0756836 0.022806
654.4035645 0.016259
654.6069824 0.037338
655.2817383 0.011239
655.3625977 0.023913
655.5907227 0.018263
655.8283691 0.043551
656.2759766 0.022610
656.8789062 0.015897
657.7201660 0.019063
657.7375977 0.020034
657.8104492 0.013982
658.0439941 0.031257
658.3723633 0.025758
658.4487793 0.026164
659.6644531 0.017535
660.3995605 0.015647
660.4283691 0.017295
662.0454102 0.012156
662.7631836 0.025200
663.4048340 0.016237
663.4433594 0.016221
665.0812500 0.017361
666.1685059 0.039779
666.1863770 0.023345
666.7385742 0.016947
666.7866699 0.017745
669.9055176 0.021982
669.9285645 0.018376
669.9654785 0.018406
670.4106445 0.016418
670.4676270 0.016562
671.4775391 0.042008
671.6733887 0.013113
671.7560059 0.026418
854.1984375 0.027605
854.8394531 0.021579
854.8957031 0.021798
857.2113281 0.022092
857.3446289 0.046043
857.3769531 0.070329
857.5732422 0.021934
857.7651367 0.021059
858.8024414 0.022003
858.8365234 0.020059
859.6674805 0.020685
859.7376953 0.020099
860.4169922 0.015718
860.4484375 0.029188
860.6257812 0.049862
860.7942383 0.025794
860.8349609 0.022085
860.9958984 0.020053
861.0559570 0.020906
861.2159180 0.021047
861.2963867 0.020840
861.4537109 0.021768
861.5565430 0.019870
861.7133789 0.021637
861.8370117 0.020173
862.1353516 0.019891
862.2900391 0.019803
862.4543945 0.020692
862.6066406 0.020644
862.7920898 0.020109
862.9424805 0.019532
863.1488281 0.020026
863.2974609 0.020180
863.5253906 0.020721
863.6713867 0.019920
670.4104492 0.016193
670.4700195 0.016370
670.7901855 0.011488
671.0174805 0.016727
671.1140137 0.006059
671.3873535 0.019693
671.4799316 0.022162
671.5808105 0.007220
671.6975098 0.005583
671.8970703 0.028271
672.0853027 0.039197
672.2797363 0.010402
672.3665039 0.029853
672.8891602 0.018839
673.0126953 0.022673
673.9698730 0.037081
674.0083008 0.016078
674.1859375 0.020482
674.2913086 0.020239
674.4229492 0.018681
674.4936035 0.017007
674.6926758 0.016381
676.9048828 0.009798
678.3771973 0.014399
678.4256836 0.017464
678.7869629 0.015650
678.8712891 0.016987
680.3143555 0.011856
681.8760742 0.021387
682.7468750 0.015954
682.8482422 0.015616
682.9508301 0.017004
682.9930664 0.017148
683.1355957 0.015586
683.1955078 0.020906
683.2666992 0.019535
683.4021484 0.016656
683.4445801 0.016532
683.5100586 0.020240
683.5771973 0.018871
683.6079590 0.015229
683.9666504 0.017617
684.0064941 0.019201
684.1963379 0.015375
685.0035156 0.015944
685.0807129 0.022439
686.2696289 0.021813
686.3970703 0.016139
686.4878906 0.025518
686.5046387 0.017344
686.8350098 0.027530
686.8489746 0.017282
687.1073242 0.015818
687.7917480 0.015439
687.8277832 0.014619
688.0235840 0.026791
688.0949219 0.016188
688.1254883 0.016291
688.2105469 0.020514
688.2444336 0.024112
688.2652344 0.013506
688.3343262 0.014684
688.6040527 0.015449
688.7166504 0.016679
688.9302246 0.017273
689.4098145 0.016060
689.4638184 0.015513
690.0807617 0.015743
690.2435547 0.022413
690.3565918 0.017639
690.3894531 0.028824
691.0503418 0.016922
691.1359863 0.011978
691.2638184 0.016235
692.1413574 0.019793
692.3192383 0.018926
692.4604004 0.016974
692.7124512 0.012134
692.7321777 0.018081
692.8344238 0.016077
692.8847656 0.013970
692.9425293 0.019921
693.7649902 0.016253
693.8487305 0.016670
693.9541992 0.015015
694.0782227 0.017190
694.2078125 0.017053
694.8963379 0.016976
694.9167969 0.016772
695.1701660 0.024255
695.2855469 0.030792
695.4562988 0.006601
695.5189941 0.024089
695.5603516 0.020696
695.5893066 0.011256
695.6232422 0.020163
695.6895020 0.021685
695.7461914 0.016849
695.8482910 0.013689
695.9003906 0.014990
695.9940430 0.009254
696.0768066 0.018816
696.1765137 0.016007
696.2838867 0.016949
696.3796875 0.015136
696.5187988 0.026959
696.6337891 0.030835
696.9940430 0.017608
697.1962891 0.012863
697.3000488 0.015336
697.5229492 0.018702
697.6220703 0.017766
697.8267578 0.016256
697.8581055 0.015839
697.9710938 0.014162
698.2519043 0.016306
698.3436523 0.022017
698.6122559 0.018913
698.6329102 0.010498
698.7492188 0.014635
698.7923828 0.019267
698.9270020 0.020797
699.0856934 0.011537
699.1777832 0.017436
699.5407715 0.031204
699.6334473 0.018381
699.6578613 0.016823
699.7012207 0.022725
699.7570801 0.018742
699.9487793 0.014930
700.0953613 0.013619
700.1930664 0.021367
700.2235352 0.020037
700.3873047 0.025259
700.5274414 0.036610
701.1221191 0.014948
701.1640625 0.015174
702.9662598 0.015587
704.1267578 0.019330
704.1473145 0.018396
704.5020508 0.022795
704.5363281 0.016231
704.6029785 0.014569
704.6416504 0.015458
704.6961914 0.023575
704.7875977 0.016632
704.8393066 0.016803
704.9132812 0.017220
704.9594238 0.016560
705.0604980 0.015565
705.1354004 0.016293
705.2349121 0.016854
705.3405762 0.016377
705.4385254 0.015640
705.5756348 0.015383
705.6700684 0.013673
705.9574219 0.019451
706.0693848 0.016555
706.2274902 0.019662
706.2659180 0.017293
706.3710938 0.017390
706.5995605 0.016945
706.7006836 0.017337
706.7562012 0.021245
706.9594727 0.017099
707.0579590 0.016499
707.3468262 0.016669
707.4451172 0.015929
707.7627930 0.016524
707.8593262 0.018325
708.2074707 0.019967
708.2380371 0.015786
708.2696289 0.017427
708.3020996 0.014663
708.5712402 0.014974
708.6800293 0.015451
708.7733887 0.016506
708.8288086 0.015638
708.8932617 0.018212
708.9391113 0.018155
708.9902344 0.014964
709.0344238 0.030661
709.1371582 0.015215
709.1793945 0.016947
709.2407227 0.015890
709.2760254 0.014993
709.7098145 0.019053
709.8025391 0.010727
710.0200195 0.019069
710.1281250 0.013497
710.3638184 0.017225
710.4704590 0.016221
710.7542480 0.019804
710.8577148 0.017987
711.1959473 0.021175
711.2924805 0.013574
711.6743164 0.019720
711.7701660 0.017128
712.2001465 0.012901
712.2946777 0.018302
712.6826660 0.014441
712.7260742 0.015478
712.7670410 0.015091
712.8113770 0.019931
712.8678711 0.013072
712.9346191 0.017129
713.1189453 0.016001
713.2571777 0.017290
713.3361328 0.016136
714.1145020 0.016083
714.1682129 0.014947
714.2195312 0.048023
714.2520020 0.017819
714.2727539 0.022242
714.3255859 0.054735
714.3606445 0.018961
714.4687500 0.013524
714.5061523 0.015915
714.5585449 0.008164
714.6109375 0.016486
714.6797363 0.016600
714.7822266 0.016728
714.8840820 0.016734
714.9851562 0.020808
715.1193848 0.015171
715.2145996 0.025029
715.6213867 0.016647
715.8215332 0.015742
715.9294922 0.016537
716.0010254 0.016970
716.1633789 0.016692
716.2666504 0.016173
716.5329590 0.016512
716.6346191 0.017006
716.9319824 0.016983
717.0325195 0.017017
717.3613281 0.015912
717.4604980 0.016644
717.6009277 0.015946
717.6537598 0.016616
717.8208496 0.016203
717.9194336 0.016897
718.0834961 0.016694
718.1770508 0.016503
718.3114258 0.018904
718.4087402 0.016238
718.8327637 0.014598
718.9308594 0.019181
719.3874512 0.007992
719.4812012 0.018716
719.8505371 0.016849
719.9672363 0.025171
719.9917969 0.008087
720.0830566 0.021604
720.1462402 0.023874
720.2911621 0.015251
720.7925293 0.016292
722.1181641 0.021187
722.1564941 0.013577
722.2374023 0.026246
722.3541992 0.014671
722.3866699 0.015890
722.5228516 0.016409
722.8766602 0.017569
722.9418945 0.019938
723.2463379 0.024873
723.3173828 0.016528
723.3571777 0.016362
723.4270020 0.018246
723.6043945 0.013449
723.7138672 0.021638
723.8791504 0.017427
724.0194336 0.017064
724.0863770 0.016740
724.1415527 0.018344
724.1943359 0.018565
724.2328125 0.018959
724.2736816 0.020143
724.3456543 0.016054
724.3853516 0.018721
724.4558594 0.012223
724.4943848 0.023055
724.5640625 0.025197
724.5867676 0.022949
724.6553223 0.019339
724.6968262 0.019088
724.7597656 0.016336
724.8656250 0.017807
724.9652832 0.019897
725.0700684 0.020323
725.1998047 0.018321
725.3145996 0.016823
725.5298340 0.017712
725.5908691 0.022147
725.6299805 0.013964
725.7110840 0.016656
725.9142090 0.015322
726.0252441 0.015796
726.1284668 0.018752
726.2640137 0.017840
726.3711426 0.017328
726.5418945 0.013418
726.6440918 0.015793
726.7496582 0.016209
726.8047852 0.017678
726.9098145 0.035034
727.0568848 0.016371
727.1600098 0.015675
727.3242676 0.012196
727.5117676 0.023467
727.6047852 0.021043
727.6424316 0.017075
727.7000977 0.016824
727.9293457 0.018051
727.9785645 0.016146
728.0800781 0.016879
728.1531250 0.028753
728.1678223 0.017570
728.4455566 0.025126
728.4852539 0.018309
728.5724609 0.017720
728.6029785 0.012963
728.6402344 0.030999
728.9739258 0.017384
729.0276855 0.012518
729.1009277 0.017227
729.1306641 0.015140
729.1758301 0.022930
729.2119141 0.024408
729.2331055 0.017565
729.5804199 0.015840
729.6108398 0.015994
730.3729980 0.018597
730.5749023 0.019545
730.7078125 0.018398
730.7461426 0.017620
731.0785645 0.017033
731.1333984 0.016784
731.6289551 0.018970
732.9160156 0.018351
732.9478516 0.017990
733.0366211 0.016307
733.0831543 0.035269
733.1573242 0.017805
733.2253906 0.020193
733.2745117 0.019454
734.0900879 0.025780
734.1725098 0.019019
734.4558105 0.013631
734.4913086 0.018631
734.6937500 0.017180
734.7865723 0.016810
735.0377441 0.013584
735.0674316 0.017247
735.1401367 0.028336
735.2108887 0.018784
735.2596191 0.027483
735.3222168 0.023749
735.3761719 0.017594
735.4313477 0.017327
735.5408203 0.015591
735.6004395 0.055884
735.6289551 0.027809
735.7415527 0.014125
735.8027344 0.016770
735.8680176 0.016674
736.0148926 0.034725
736.0312988 0.016535
736.0604980 0.017344
736.1652832 0.019980
736.2260742 0.014953
736.3280762 0.023349
736.3548340 0.017748
736.3919922 0.017564
736.4396973 0.020520
736.4698242 0.015295
736.5522949 0.021919
736.5723633 0.051625
736.5992188 0.013929
736.6837891 0.017847
736.7122559 0.017682
736.7594727 0.024432
736.8729492 0.023406
736.9272461 0.018332
736.9495117 0.019134
737.0681152 0.015670
737.3497559 0.014392
737.4077637 0.025564
737.4572754 0.017541
737.5674316 0.016903
737.7766113 0.016952
737.8268066 0.021295
737.8838379 0.017181
737.9415527 0.017339
738.2460938 0.028907
738.3494141 0.048955
738.3646973 0.016685
738.7319336 0.017775
738.8396484 0.016833
739.0173340 0.020606
739.2209961 0.017989
739.2635254 0.019953
739.3752930 0.018197
739.5425293 0.023427
739.8505859 0.025067
739.9568848 0.012790
740.1698730 0.017497
740.2037598 0.016943
741.1875977 0.023480
741.2080078 0.017965
741.2673828 0.016406
741.3763672 0.018524
741.6143555 0.016180
741.7802246 0.017771
742.2873047 0.022861
742.2873047 0.022605
742.9789551 0.024924
742.9789551 0.024553
743.8263672 0.017073
743.8719727 0.016626
743.9226562 0.020898
743.9454102 0.017750
744.2217285 0.017479
744.4219238 0.024608
744.7055176 0.029085
745.1817383 0.018892
745.8362793 0.016221
746.1252930 0.017316
746.2452148 0.021904
746.3160645 0.018791
746.3794434 0.023921
746.4883301 0.019010
746.6620117 0.019466
746.8250488 0.023122
746.9861816 0.016022
747.0718262 0.017591
747.1389648 0.020757
747.1590332 0.019923
747.2043457 0.020338
747.3686035 0.018912
747.6408691 0.026406
747.9034668 0.016708
747.9621582 0.016793
748.0260254 0.016846
748.3130371 0.019431
748.3481445 0.017379
748.4365234 0.018170
748.6343750 0.015127
748.8240723 0.026159
749.3667480 0.017949
749.9703125 0.020940
750.2263672 0.018249
751.7223633 0.018878
751.7545410 0.018458
752.0418945 0.017974
752.2666016 0.030314
752.4006836 0.019136
752.4863281 0.017382
752.8109375 0.013732
752.8375488 0.018108
753.0648926 0.023649
753.0782715 0.023865
753.5723145 0.017252
753.6144531 0.028363
753.7249023 0.021080
753.7526367 0.019651
754.0170898 0.016862
754.0608887 0.018025
754.6560059 0.019875
754.6866211 0.020024
755.0007812 0.029947
755.2741211 0.017143
755.3531250 0.016633
755.7500000 0.018987
755.8477539 0.017575
755.9934082 0.017725
756.1517090 0.017364
756.3627930 0.018749
756.7411621 0.017085
756.7850586 0.017298
757.1750977 0.020120
757.3672852 0.017539
757.4560059 0.017386
758.6090820 0.018003
759.8378418 0.022033
760.5128906 0.023983
760.6215820 0.021219
760.7376465 0.015395
760.8562012 0.018065
760.9834473 0.052208
761.1142578 0.048216
761.2618164 0.018039
761.3717773 0.011267
761.4053223 0.018458
761.4503906 0.028521
761.5576660 0.027839
761.8055664 0.018090
761.9711426 0.019638
762.1367188 0.014427
762.2077148 0.018952
762.2644531 0.019340
762.2982910 0.019726
762.3645508 0.020147
762.3685547 0.037849
762.5397461 0.027832
762.6173828 0.014613
762.6517578 0.022836
762.7790039 0.020078
762.8509277 0.019553
762.8771973 0.019098
763.0038086 0.032879
763.0249512 0.018433
763.1690918 0.034349
763.3072266 0.020282
763.4148926 0.021562
763.7221191 0.018597
763.8317871 0.017311
763.9001465 0.024081
763.9309082 0.034649
764.1577148 0.020697
764.1856934 0.021098
764.2689941 0.022059
764.3789551 0.034751
764.4901855 0.026639
764.6138184 0.016838
764.7215820 0.015398
764.8481445 0.014612
764.9583496 0.018336
765.0919922 0.029094
765.1968750 0.018601
765.3323730 0.021974
765.5872559 0.017350
765.6938965 0.021899
765.8459473 0.015203
766.2186035 0.017182
766.2559570 0.017863
767.2034180 0.018442
767.2894043 0.015373
768.1404297 0.017751
768.2105957 0.018360
768.4063965 0.075025
768.4319824 0.037066
768.4943848 0.019883
768.5293457 0.027204
768.5729004 0.028284
768.6196289 0.019721
768.6648438 0.018238
768.7901367 0.022004
768.8750000 0.022810
768.9362305 0.016415
768.9704590 0.026070
769.0197754 0.019745
769.0949219 0.022205
769.1515137 0.014932
769.1911621 0.069045
769.2729004 0.017713
769.3543945 0.017999
769.4754883 0.017137
769.5827637 0.017405
769.6979980 0.025340
769.8330078 0.021438
769.8971680 0.019223
769.9470703 0.018414
769.9953125 0.017979
770.1084473 0.018272
770.2249512 0.018751
770.2766113 0.015689
770.3785156 0.014908
770.4101074 0.018154
771.0906738 0.020055
771.2229004 0.018398
771.2635742 0.018926
771.3672363 0.019844
771.3954590 0.024849
771.5062500 0.019524
771.5864258 0.018322
771.6270508 0.016668
771.6922363 0.018272
771.7459961 0.018888
771.8068359 0.018751
772.0318848 0.018186
772.1496094 0.018098
772.3656738 0.023880
772.4599609 0.015439
772.4953125 0.018949
772.6058105 0.017284
772.6845703 0.017591
772.7676270 0.019324
772.9118164 0.015513
773.0288574 0.017598
773.1970703 0.019453
773.2805664 0.021839
773.3831055 0.035876
773.4057129 0.022146
773.4967285 0.019282
773.5852539 0.028216
773.8234863 0.062429
773.8454590 0.025748
773.8851562 0.018442
774.0398926 0.018422
774.1007324 0.018210
774.1951172 0.017663
774.4090820 0.018297
774.5203125 0.017999
774.5587891 0.018163
774.6445801 0.017702
774.9439453 0.024045
775.0656250 0.017693
775.1876953 0.016390
775.2355957 0.025309
775.2590332 0.019295
775.5283691 0.018804
775.6361328 0.016519
775.6824219 0.051686
775.6968262 0.018902
776.0010742 0.024578
776.1228027 0.018806
776.2334961 0.022151
776.4401367 0.016807
776.7440430 0.021168
776.8514648 0.018079
776.9067383 0.034210
776.9263672 0.019539
777.1960449 0.018820
777.3229004 0.018582
777.3533691 0.017424
777.3865723 0.011834
777.4180176 0.020335
777.4987793 0.018297
777.5402832 0.019907
777.9219238 0.017307
777.9601074 0.029519
778.0433594 0.020961
778.1126465 0.026254
778.1595215 0.060148
778.2347656 0.021050
778.3697754 0.028336
778.5019531 0.019443
778.5508789 0.045733
778.5750488 0.021446
778.6285156 0.006501
778.6742676 0.021278
778.7472656 0.020225
778.8682617 0.020045
778.9695312 0.016966
779.0671387 0.017205
779.1227539 0.018440
779.2179199 0.018718
779.3402832 0.020493
779.4120605 0.020556
779.4912598 0.021842
779.6115234 0.017553
779.7955078 0.019455
779.9122559 0.012279
779.9347656 0.033170
779.9863770 0.051485
780.2238281 0.023850
780.3543457 0.049153
780.4060059 0.021973
780.6404785 0.017399
780.7699219 0.021085
780.8479980 0.019641
781.0312988 0.018031
781.1539551 0.017719
781.2410645 0.017595
781.3316406 0.018090
781.4459473 0.015897
781.4828613 0.017590
781.5734863 0.031796
781.6690918 0.021113
781.8848633 0.018117
781.9305176 0.019435
782.0049805 0.018844
782.0992676 0.018295
782.1519043 0.028691
782.2172363 0.028253
782.3499512 0.017323
782.4684570 0.018391
782.5721680 0.019578
782.8374023 0.022441
782.8770508 0.019286
782.9569336 0.019908
783.3539062 0.023258
783.4269043 0.016806
783.4752441 0.014579
783.8604004 0.014105
783.8992676 0.020259
784.0111328 0.026610
784.1284668 0.017837
784.4652832 0.016873
784.5813965 0.017812
784.9159668 0.018528
784.9735840 0.019600
785.0540039 0.021693
785.1991211 0.015085
785.2325195 0.020438
785.3258789 0.020459
785.3523926 0.021972
785.4385254 0.031248
785.5710938 0.024327
785.8003418 0.018770
785.8282715 0.020588
786.0661621 0.019372
786.7739746 0.017737
786.8099609 0.020642
787.0738281 0.018193
787.3416504 0.033242
787.8252930 0.038235
787.8789551 0.018821
788.0999023 0.018062
788.1678223 0.019309
788.3088867 0.020864
788.4414062 0.015417
788.4727539 0.018712
788.5603516 0.020245
788.6009277 0.019757
788.6634766 0.018423
788.7923828 0.019512
788.8824219 0.018787
788.9680176 0.017470
789.0552734 0.019562
789.1290039 0.018558
789.2535156 0.018759
789.3035156 0.024184
789.3543945 0.018214
789.4033203 0.020093
789.5318848 0.034587
789.7065918 0.019548
789.7927246 0.018073
789.8263184 0.018847
789.8617188 0.058419
790.2699707 0.047012
790.3264648 0.018166
790.5632812 0.018077
790.6945801 0.018655
790.9635742 0.018490
791.0905762 0.017702
791.2264160 0.031679
791.3717773 0.019470
791.5126953 0.018438
791.8467773 0.025756
791.9641113 0.018854
792.1106445 0.033779
792.3200195 0.017287
792.4416992 0.018094
792.8258301 0.019112
792.8521973 0.021591
792.9478027 0.017713
793.0890137 0.017900
793.1439941 0.024825
793.2009277 0.017890
793.3257324 0.031518
793.3582520 0.025191
793.4815430 0.017738
793.5227539 0.018961
793.7645020 0.015731
793.8363770 0.020319
793.8686523 0.015190
793.9252930 0.016982
794.0432129 0.019044
794.1714355 0.019111
794.2072754 0.042555
794.2274414 0.019233
794.2874023 0.014830
794.3259766 0.028772
794.4011230 0.020495
794.4453613 0.018009
794.5394531 0.017709
794.6222168 0.019650
794.9211914 0.019943
795.2432129 0.020283
796.2654785 0.016681
796.3942383 0.018536
796.4654297 0.021010
796.8061035 0.024047
796.8246094 0.020720
796.9470215 0.018139
797.0874023 0.016750
797.2538086 0.014548
797.3062988 0.021150
797.3373047 0.020598
797.5571777 0.018898
797.7003906 0.018142
797.7665527 0.018033
797.9772949 0.019155
798.6085449 0.022342
798.6986328 0.035475
798.7493164 0.021501
798.8283203 0.024422
798.9701660 0.036035
799.1119141 0.019993
799.1611328 0.020802
799.3333984 0.032934
799.4033203 0.022598
799.5043457 0.023522
799.6166016 0.018517
799.7452637 0.016876
799.8106445 0.021981
799.8918945 0.023104
800.0160645 0.018118
800.1886230 0.022578
800.2347168 0.021050
800.3175293 0.018777
800.4206543 0.013507
800.5071289 0.018148
800.5699707 0.022573
800.8244629 0.018100
801.0647461 0.017589
801.2002930 0.016593
801.4071777 0.018918
801.4749512 0.022612
801.6051758 0.020508
801.9106934 0.018656
802.0039551 0.019794
802.0386719 0.018863
802.3771484 0.019073
802.5050781 0.021038
802.5683594 0.020265
802.5963867 0.020225
802.8197754 0.018384
802.9025391 0.019346
802.9972656 0.016774
803.1771973 0.031783
803.3978027 0.018283
803.4888672 0.019542
803.5226562 0.019746
803.6133301 0.028133
803.9539062 0.019549
804.0766602 0.018032
804.1197754 0.024676
804.1647949 0.015231
804.2477051 0.019871
804.5369141 0.022781
804.6587891 0.020335
804.9898926 0.024850
805.0114746 0.020129
805.2031250 0.023137
805.5422852 0.022331
805.6608887 0.007805
805.7099121 0.019933
805.9174316 0.025179
806.1991211 0.017820
806.2389160 0.017773
806.3751465 0.019785
806.6083984 0.018527
806.7605469 0.020838
807.4407715 0.021839
807.4699707 0.019277
807.7152344 0.018642
807.7618164 0.017324
808.4596680 0.018171
808.5615234 0.018531
809.3676758 0.036628
809.4958984 0.029798
809.8639160 0.012532
809.9750488 0.016431
810.1151367 0.018282
810.2246094 0.019862
810.2773438 0.019930
810.4293945 0.021239
810.4674805 0.015189
810.5013184 0.020577
810.6337402 0.021901
810.7390137 0.016956
810.8716797 0.013772
811.0099609 0.018141
811.1413574 0.021554
811.3170410 0.018588
811.9589355 0.021640
812.2023926 0.019572
812.3414551 0.020096
812.6229492 0.019098
812.7565430 0.023908
813.0709473 0.020641
813.1532715 0.017892
813.2027344 0.016920
813.2710938 0.018076
813.4593262 0.017371
813.5518555 0.016602
813.6315918 0.017164
813.6823730 0.020840
813.8364258 0.018365
813.8978027 0.013547
813.9278809 0.017574
813.9598145 0.018943
814.0213867 0.018476
814.0659668 0.019850
814.1942871 0.019220
814.6117188 0.011472
814.6500977 0.020862
814.7181641 0.017831
814.7647949 0.019250
815.1128906 0.016085
815.1902832 0.019365
815.3152832 0.021330
818.8209473 0.020176
818.8634277 0.019454
819.4855469 0.019493
819.5645508 0.019365
820.4646484 0.026630
820.5980469 0.014363
820.7511719 0.023437
820.8358398 0.022795
820.9412109 0.018796
821.3895508 0.019899
821.5325195 0.020050
824.1468750 0.019063
824.1999023 0.019455
824.7356445 0.019127
824.8301758 0.019037
825.5186523 0.017772
826.8614258 0.017792
827.2080078 0.022943
827.6532227 0.019672
827.8312500 0.021330
827.8593750 0.021020
828.1039062 0.021928
828.1693359 0.020085
828.2323242 0.021813
828.2677734 0.019551
828.3177734 0.021654
828.3817383 0.020670
828.4938477 0.019482
828.6405273 0.019664
828.8608398 0.020135
829.0588867 0.022997
829.6251953 0.018549
829.8906250 0.019419
829.9480469 0.019046
830.2021484 0.017902
830.2534180 0.024907
830.4082031 0.018255
830.5195312 0.016078
830.8366211 0.016236
831.0724609 0.020004
831.7685547 0.021045
831.8479492 0.035043
831.9686523 0.041696
833.7557617 0.021825
833.8417969 0.021254
833.8704102 0.020657
834.3036133 0.031717
834.4613281 0.020447
834.9643555 0.021061
834.9933594 0.019279
835.2876953 0.035787
835.6274414 0.019753
836.0432617 0.023217
836.0705078 0.015011
836.1099609 0.038428
836.1696289 0.023884
836.2637695 0.020120
836.3044922 0.020269
836.4508789 0.019178
836.4969727 0.020642
836.5487305 0.024170
836.6438477 0.020108
836.7083984 0.019911
836.9456055 0.021411
837.2813477 0.021201
837.6123047 0.039372
837.9917969 0.018765
838.0748047 0.019445
838.2402344 0.021687
838.7289062 0.028646
839.0179688 0.035463
839.1168945 0.019646
839.1689453 0.018198
839.5609375 0.023437
839.9175781 0.022163
839.9175781 0.022203
840.0458008 0.019096
841.5242188 0.019310
842.3017578 0.029418
842.3303711 0.019659
842.4121094 0.021331
842.4754883 0.017652
842.6385742 0.023098
842.7429688 0.031526
843.0117188 0.024475
843.0176758 0.036036
843.2170898 0.021797
843.4385742 0.022341
843.5977539 0.023484
844.6370117 0.024060
844.6779297 0.016625
844.8599609 0.026012
844.9344727 0.023329
845.0973633 0.045500
845.2265625 0.020388
845.3794922 0.019346
845.4151367 0.022571
845.6785156 0.019330
846.0456055 0.021815
846.0885742 0.016391
846.1568359 0.024669
846.2409180 0.018840
846.5233398 0.021898
846.5514648 0.021111
847.4619141 0.035522
849.3396484 0.022283
849.4040039 0.019910
849.4279297 0.026607
849.6913086 0.018976
849.8029297 0.019209
850.0866211 0.017195
850.2548828 0.021870
850.3124023 0.015538
850.3741211 0.016636
850.4641602 0.018320
850.5068359 0.018931
852.0430664 0.020360
852.0754883 0.018557
853.8690430 0.040835
861.4556641 0.018422
861.5560547 0.017845
861.7136719 0.019028
861.8365234 0.020102
861.9919922 0.019362
862.1357422 0.020348
862.2895508 0.020206
862.4543945 0.019977
862.6069336 0.019945
862.7922852 0.019760
862.9430664 0.019733
863.1496094 0.020006
863.2987305 0.021066
863.5266602 0.020258
863.6725586 0.020341
863.9250000 0.020678
864.0659180 0.019924
864.1854492 0.021414
864.2280273 0.023308
864.3879883 0.020574
864.6899414 0.020651
864.9715820 0.023682
865.0381836 0.016849
865.1293945 0.020500
865.2257812 0.022999
865.3768555 0.017148
865.4359375 0.021153
865.5862305 0.021229
865.7731445 0.019905
865.9140625 0.019477
866.0643555 0.019886
866.4129883 0.021289
866.5590820 0.021634
866.7957031 0.018373
866.9281250 0.021470
867.0730469 0.021838
867.4631836 0.021803
867.6066406 0.020814
868.0171875 0.021408
868.1588867 0.021385
868.3402344 0.028035
868.5892578 0.020988
868.7302734 0.021206
869.1811523 0.020368
869.3211914 0.021351
869.7919922 0.020884
869.9305664 0.020706
870.0122070 0.021738
870.0693359 0.021013
870.1635742 0.023434
870.2135742 0.016111
870.4211914 0.022083
870.5608398 0.022615
870.6955078 0.022000
870.7991211 0.021881
871.0717773 0.021045
871.1594727 0.012772
871.2081055 0.020089
871.6630859 0.017054
871.7407227 0.029934
871.8753906 0.019978
872.6753906 0.021710
873.7480469 0.021007
873.9164062 0.021462
874.0603516 0.021345
874.2973633 0.022133
874.6982422 0.024513
875.0248047 0.021416
875.8729492 0.021293
876.0278320 0.020835
876.1336914 0.023004
876.1617188 0.026798
876.3016602 0.022136
876.3723633 0.021086
876.6418945 0.023245
876.7924805 0.021835
876.9159180 0.020146
877.0375977 0.020857
877.5035156 0.025734
877.6221680 0.022797
877.8343750 0.021167
879.0240234 0.022474
879.1189453 0.023332
880.1595703 0.012558
880.1957031 0.020743
880.9218750 0.022332
881.0182617 0.025771
881.0442383 0.024776
882.5464844 0.034328
882.7112305 0.022100
882.8009766 0.023668
882.9888672 0.021302
883.0768555 0.035840
883.1559570 0.020970
883.2920898 0.032075
883.3122070 0.031174
883.3546875 0.023209
883.4116211 0.022104
883.4526367 0.021250
883.6449219 0.037986
883.7683594 0.021523
884.5278320 0.023280
884.5615234 0.022682
884.7005859 0.023024
884.9604492 0.021631
885.0074219 0.021152
885.4173828 0.018498
885.9200195 0.016257
885.9809570 0.009150
886.0767578 0.013231
886.1666992 0.033082
886.2499023 0.023814
886.2847656 0.022790
886.3406250 0.020561
886.4380859 0.026430
886.7003906 0.021664
886.7605469 0.025223
887.1343750 0.020608
888.4491211 0.026192
888.5856445 0.024431
888.8699219 0.020851
889.0045898 0.021094
889.5213867 0.025897
889.5457031 0.024250
889.6559570 0.021056
889.7255859 0.021714
890.3123047 0.022346
890.4355469 0.021163
890.5684570 0.022296
890.8404297 0.021533
891.0041992 0.019875
891.4809570 0.029492
891.6756836 0.019713
891.9636719 0.036402
892.0855469 0.023340
892.1427734 0.026282
892.2799805 0.019004
892.4052734 0.023370
892.6187500 0.020371
892.6779297 0.023290
892.7413086 0.017921
892.8092773 0.025046
892.9095703 0.026093
892.9697266 0.022981
893.0120117 0.022617
893.1810547 0.018656
893.3108398 0.026169
893.3960938 0.021865
893.4327148 0.019810
893.4762695 0.024637
893.5363281 0.019107
893.6256836 0.028252
893.7955078 0.018628
893.9388672 0.043870
893.9787109 0.024573
894.1424805 0.021857
894.3408203 0.022617
894.5170898 0.018702
894.7555664 0.020204
895.5540039 0.023489
895.7951172 0.025307
895.8253906 0.024001
896.0161133 0.024624
896.2989258 0.029913
896.3352539 0.017761
896.5005859 0.026738
896.8510742 0.025413
896.9409180 0.030325
897.0097656 0.021295
897.1232422 0.037357
897.3868164 0.020425
897.5439453 0.027655
897.7558594 0.042394
897.7994141 0.029125
897.8548828 0.020132
897.9484375 0.022856
898.1111328 0.021660
898.2332031 0.021193
898.5414062 0.029483
898.5784180 0.022192
898.6955078 0.021956
898.7635742 0.019560
898.8383789 0.024060
899.1464844 0.034963
899.2309570 0.034823
899.2541992 0.021026
899.3069336 0.050997
899.7910156 0.018242
900.1134766 0.021521
900.1592773 0.021493
902.0934570 0.020302
902.1269531 0.021643
902.5965820 0.013667
902.7550781 0.020636
902.8505859 0.017161
902.8995117 0.019847
903.0249023 0.025105
903.1750000 0.022496
903.8058594 0.036746
904.3608398 0.026562
904.9253906 0.022317
904.9865234 0.021754
905.0772461 0.014840
905.2243164 0.023608
905.3956055 0.020605
905.5703125 0.023012
905.6617188 0.033332
905.6968750 0.017463
905.9464844 0.019677
906.1079102 0.018324
906.4250000 0.022018
906.5654297 0.023093
906.8558594 0.023575
907.0660156 0.022281
907.4543945 0.017299
907.6264648 0.024438
907.9539062 0.023547
908.1202148 0.019006
908.2796875 0.021363
908.3600586 0.021582
909.0346680 0.023442
909.1181641 0.016691
909.1998047 0.023073
909.2420898 0.023667
909.2728516 0.025183
909.3665039 0.024276
909.6152344 0.020862
909.7346680 0.015901
909.7785156 0.023681
909.8890625 0.021585
909.9332031 0.022472
910.2405273 0.021712
910.3180664 0.022533
910.3857422 0.029566
910.8682617 0.018206
911.0244141 0.014748
913.3964844 0.025873
913.6368164 0.022301
913.9913086 0.021146
914.4004883 0.019935
914.7245117 0.070997
915.1419922 0.035194
915.1792969 0.021699
915.2256836 0.021815
915.2974609 0.021489
915.4590820 0.022166
915.6974609 0.022250
915.9349609 0.021303
916.0699219 0.021540
916.1654297 0.021902
917.4560547 0.013834
917.5880859 0.020054
920.0074219 0.019511
920.5120117 0.021999
920.8838867 0.025939
921.0533203 0.025877
921.4528320 0.029250
921.6272461 0.022930
921.6876953 0.023574
922.4294922 0.023929
922.5419922 0.023068
922.6938477 0.030687
922.8542969 0.016007
922.9228516 0.026831
922.9472656 0.024657
923.3534180 0.028049
923.3946289 0.032712
924.7536133 0.022186
924.8336914 0.022279
924.9375977 0.023042
925.0622070 0.024886
925.1271484 0.021445
925.3924805 0.021903
925.4541992 0.020369
926.0875000 0.032722
926.2590820 0.028508
926.5993164 0.027906
928.6055664 0.021734
928.6819336 0.022670
928.8619141 0.021305
929.3278320 0.021962
929.4638672 0.021929
930.6010742 0.022681
930.7384766 0.022910
930.9061523 0.027190
931.0761719 0.026450
931.2904297 0.025402
931.3345703 0.023816
931.6471680 0.015471
931.7820312 0.037807
932.2480469 0.022451
932.3762695 0.023109
933.0555664 0.025702
933.1113281 0.037794
933.7874023 0.023637
934.6595703 0.023472
934.7056641 0.017839
934.8258789 0.032738
934.8586914 0.023879
934.9582031 0.030128
934.9841797 0.019644
935.0314453 0.024122
935.1726562 0.023844
935.4690430 0.023316
936.1303711 0.023021
936.2244141 0.022344
936.7882812 0.022686
937.2131836 0.022701
937.3415039 0.021955
937.3828125 0.024741
937.4337891 0.035571
937.5976562 0.023786
938.2781250 0.030254
938.3080078 0.025762
938.6794922 0.030641
939.4331055 0.023590
939.6919922 0.024679
939.7280273 0.023543
940.1275391 0.029077
940.1857422 0.023676
940.2335938 0.022199
940.2715820 0.026072
940.3289062 0.022864
940.4945312 0.040595
940.5115234 0.022520
941.6616211 0.030405
941.6886719 0.025020
941.9746094 0.026544
942.1861328 0.024483
942.2736328 0.022233
943.3343750 0.043753
943.6159180 0.039400
943.8453125 0.020243
943.9669922 0.025999
944.1782227 0.023786
944.2262695 0.022068
944.3414062 0.017873
944.6794922 0.021958
944.8257812 0.025299
945.0124023 0.021014
945.5317383 0.022906
945.7776367 0.032242
945.8524414 0.024449
947.6895508 0.038363
947.8545898 0.024294
947.9438477 0.030699
948.3036133 0.027316
948.4171875 0.024054
949.0530273 0.027863
949.5031250 0.048568
949.7936523 0.024647
949.9961914 0.028166
950.2834961 0.023538
950.4711914 0.017879
951.9205078 0.024149
951.9539062 0.025734
952.5413086 0.028216
952.6548828 0.018673
952.9159180 0.022700
953.0495117 0.023400
953.4725586 0.022734
953.6892578 0.030834
953.7103516 0.034302
955.2546875 0.025093
956.0176758 0.032689
956.0426758 0.025113
956.7113281 0.023382
956.7611328 0.023161
956.9205078 0.022960
957.1854492 0.026570
957.2317383 0.022029
957.5972656 0.021767
959.1722656 0.026599
959.2086914 0.023898
960.7702148 0.036766
961.5203125 0.025391
962.0664062 0.023421
962.1336914 0.024031
962.2313477 0.020937
962.3855469 0.024252
962.7458008 0.023153
962.9834961 0.022996
963.1191406 0.025413
963.1590820 0.032933
963.3874023 0.015652
963.5916992 0.025144
965.1577148 0.038492
965.3275391 0.041850
965.3864258 0.025599
965.4641602 0.034560
965.5605469 0.039901
965.7852539 0.037980
965.9088867 0.037615
966.0339844 0.036374
966.2639648 0.047860
966.8705078 0.034418
966.9757812 0.025668
967.0940430 0.026493
967.4243164 0.029849
967.8093750 0.021989
967.8547852 0.019940
967.9974609 0.023630
968.0831055 0.023665
968.2248047 0.035397
968.5721680 0.036596
969.0510742 0.026339
969.3190430 0.022876
969.7214844 0.018672
969.7901367 0.025209
969.9342773 0.030488
970.4640625 0.034270
970.4954102 0.039714
971.1714844 0.023860
971.9838867 0.027031
972.1937500 0.022421
972.3743164 0.023339
972.5491211 0.037427
972.6751953 0.022895
972.8040039 0.024003
972.8469727 0.039286
972.9450195 0.022962
973.2827148 0.033195
973.4806641 0.023306
973.5289062 0.024412
973.8095703 0.024851
974.5235352 0.023050
974.6302734 0.023676
975.5996094 0.053894
978.4466797 0.051859
978.8382812 0.036387
978.9298828 0.029661
978.9509766 0.033840
979.1116211 0.028408
979.6299805 0.025795
979.6770508 0.025566
979.9550781 0.037385
979.9827148 0.028305
980.3920898 0.053468
980.4425781 0.020220
980.7182617 0.024204
980.7851562 0.027732
980.8459961 0.028782
981.1594727 0.024425
981.2374023 0.024524
981.6621094 0.024245
981.7917969 0.025754
982.0437500 0.025480
982.1647461 0.010877
982.5984375 0.026721
982.7533203 0.024500
982.8431641 0.021298
982.8916992 0.024291
983.0497070 0.023996
983.2925781 0.022951
983.5962891 0.026429
984.7454102 0.026054
984.8494141 0.029174
984.9601562 0.025196
986.7915039 0.030095
987.2147461 0.031726
988.3416016 0.024537
988.5757812 0.023219
988.6582031 0.023042
989.4370117 0.030896
989.4750977 0.025013
989.5868164 0.023525
990.0406250 0.024469
991.2743164 0.023989
991.3824219 0.037620
991.4554688 0.033540
991.4777344 0.030223
994.1665039 0.025346
994.2212891 0.026172
994.4556641 0.066597
994.5297852 0.033502
994.6514648 0.026187
994.7747070 0.027803
994.8374023 0.027296
994.9694336 0.032717
995.6598633 0.027210
996.0359375 0.031688
996.1721680 0.029142
996.2143555 0.025617
997.0737305 0.024709
997.1833984 0.047015
997.2357422 0.025763
997.4259766 0.033400
997.4487305 0.031604
997.7407227 0.027731
997.8589844 0.043453
998.0287109 0.064273
998.5946289 0.027396
